7.485886812210083008e-01
3.075471878051757812e+01
5.349849700927734375e+01
1.109188556671142578e+00
7.797090411186218262e-01
5.727746486663818359e-01
2.789860367774963379e-01
1.277335405349731445e+00
1.446043968200683594e+00
1.102971434593200684e+00
9.062604904174804688e-01
7.715576887130737305e-01
6.704558730125427246e-01
5.915095210075378418e-01
5.286245346069335938e-01
3.942349851131439209e-01
5.867637991905212402e-01
5.739676952362060547e-01
5.184033513069152832e-01
3.755710721015930176e-01
4.508767426013946533e-01
5.106744766235351562e-01
3.608198761940002441e-01
3.774798810482025146e-01
4.065397679805755615e-01
3.953862786293029785e-01
3.812048733234405518e-01
3.361250460147857666e-01
3.009940385818481445e-01
2.685644030570983887e-01
2.558176219463348389e-01
2.436666935682296753e-01
2.270081043243408203e-01
2.181807160377502441e-01
2.204799652099609375e-01
2.160579562187194824e-01
2.451861947774887085e-01
2.432198226451873779e-01
2.129379808902740479e-01
2.072189748287200928e-01
2.111230492591857910e-01
2.096686959266662598e-01
2.218047082424163818e-01
2.222987711429595947e-01
2.227378189563751221e-01
2.329761832952499390e-01
2.634768187999725342e-01
3.002072572708129883e-01
3.589664101600646973e-01
4.337283670902252197e-01
4.321917593479156494e-01
3.382373750209808350e-01
2.807617187500000000e-01
2.527015209197998047e-01
2.372469007968902588e-01
2.129144519567489624e-01
2.128673940896987915e-01
2.094356119632720947e-01
2.316006720066070557e-01
2.293949425220489502e-01
1.980210989713668823e-01
1.940280944108963013e-01
2.473392039537429810e-01
2.451343089342117310e-01
1.701261699199676514e-01
1.611307710409164429e-01
2.125426232814788818e-01
2.237331569194793701e-01
2.876724004745483398e-01
3.506907224655151367e-01
4.452151358127593994e-01
3.948070704936981201e-01
3.058537542819976807e-01
2.668666541576385498e-01
1.938407123088836670e-01
1.819923967123031616e-01
2.282189428806304932e-01
2.224455773830413818e-01
1.954562962055206299e-01
1.902745217084884644e-01
2.619091868400573730e-01
2.561073005199432373e-01
1.552184671163558960e-01
1.373555213212966919e-01
3.337811827659606934e-01
3.160099089145660400e-01
1.350467056035995483e-01
9.304106980562210083e-02
2.428828477859497070e-01
3.046645224094390869e-01
4.841507673263549805e-01
3.818736672401428223e-01
2.290402501821517944e-01
1.988566517829895020e-01
2.386429607868194580e-01
2.282769978046417236e-01
2.093729674816131592e-01
2.057126462459564209e-01
2.215211689472198486e-01
2.184472680091857910e-01
1.994334906339645386e-01
1.962695121765136719e-01
2.270194590091705322e-01
2.245942950248718262e-01
1.819434314966201782e-01
1.771461069583892822e-01
2.484459578990936279e-01
2.503817379474639893e-01
2.573961615562438965e-01
2.479516565799713135e-01
2.050877064466476440e-01
1.976924687623977661e-01
2.197743952274322510e-01
2.185929715633392334e-01
2.006780803203582764e-01
2.032646238803863525e-01
2.523391842842102051e-01
3.064700365066528320e-01
3.912229835987091064e-01
4.093642532825469971e-01
3.748120069503784180e-01
2.976633906364440918e-01
2.277610599994659424e-01
2.078966200351715088e-01
2.343445122241973877e-01
2.276594936847686768e-01
2.666556835174560547e-01
2.538543641567230225e-01
1.992118358612060547e-01
1.865039169788360596e-01
2.296344786882400513e-01
2.258501350879669189e-01
1.889068484306335449e-01
1.845064759254455566e-01
2.410827279090881348e-01
2.410961836576461792e-01
1.667099893093109131e-01
1.577607244253158569e-01
3.070746064186096191e-01
3.763903677463531494e-01
2.809700667858123779e-01
2.210495024919509888e-01
3.054839372634887695e-01
2.792609632015228271e-01
2.529224157333374023e-01
2.389068901538848877e-01
2.102640569210052490e-01
1.963513642549514771e-01
2.207265496253967285e-01
2.191306948661804199e-01
2.171194851398468018e-01
2.095941901206970215e-01
2.432863563299179077e-01
2.456357032060623169e-01
2.462955415248870850e-01
2.416947335004806519e-01
2.718883454799652100e-01
2.620326876640319824e-01
2.370589375495910645e-01
2.217618525028228760e-01
2.480751127004623413e-01
2.383583784103393555e-01
2.858932614326477051e-01
2.620661854743957520e-01
1.718548983335494995e-01
1.521230638027191162e-01
2.337663322687149048e-01
2.368900477886199951e-01
1.768725663423538208e-01
1.677580177783966064e-01
2.867272794246673584e-01
3.323013782501220703e-01
2.975002825260162354e-01
2.443825006484985352e-01
2.871432900428771973e-01
2.592665553092956543e-01
1.893660128116607666e-01
1.752532422542572021e-01
2.338209152221679688e-01
2.293568253517150879e-01
2.626828551292419434e-01
2.398788332939147949e-01
1.897336542606353760e-01
1.701446920633316040e-01
2.208647876977920532e-01
2.345464974641799927e-01
2.309868186712265015e-01
2.366712093353271484e-01
3.296934664249420166e-01
3.222112059593200684e-01
2.751786708831787109e-01
2.263080477714538574e-01
2.356253266334533691e-01
2.163821458816528320e-01
1.907924413681030273e-01
1.838210076093673706e-01
2.302603423595428467e-01
2.322737723588943481e-01
2.725241780281066895e-01
2.487948238849639893e-01
1.655103415250778198e-01
1.517170965671539307e-01
2.183428704738616943e-01
2.281592488288879395e-01
1.996430754661560059e-01
1.931114196777343750e-01
2.958154082298278809e-01
3.566248416900634766e-01
2.988280951976776123e-01
2.236760258674621582e-01
2.531430423259735107e-01
2.294428646564483643e-01
1.783466190099716187e-01
1.664655804634094238e-01
2.152224034070968628e-01
2.155068367719650269e-01
2.435599267482757568e-01
2.203721404075622559e-01
1.765660941600799561e-01
1.503070890903472900e-01
1.960667669773101807e-01
2.020195126533508301e-01
1.945568472146987915e-01
2.479990124702453613e-01
4.512833952903747559e-01
4.934120476245880127e-01
3.793616592884063721e-01
2.367440015077590942e-01
2.276000678539276123e-01
2.122049629688262939e-01
1.930302381515502930e-01
1.833788454532623291e-01
2.127458751201629639e-01
2.058776617050170898e-01
2.480149567127227783e-01
2.296333312988281250e-01
1.657161414623260498e-01
1.460969299077987671e-01
1.946173012256622314e-01
1.905997097492218018e-01
1.559939086437225342e-01
1.639344096183776855e-01
3.306842744350433350e-01
4.004186987876892090e-01
2.995709180831909180e-01
2.086287736892700195e-01
2.138971984386444092e-01
2.018966674804687500e-01
1.764726787805557251e-01
1.698591262102127075e-01
1.983595490455627441e-01
1.924186795949935913e-01
2.300152480602264404e-01
2.090610265731811523e-01
1.594082862138748169e-01
1.324628442525863647e-01
1.791779100894927979e-01
1.785379648208618164e-01
1.758669912815093994e-01
2.330249100923538208e-01
4.044784307479858398e-01
4.402076005935668945e-01
3.336468636989593506e-01
2.179718464612960815e-01
2.093015015125274658e-01
1.970893442630767822e-01
1.859855353832244873e-01
1.800773441791534424e-01
1.883812546730041504e-01
1.838482916355133057e-01
2.330953776836395264e-01
2.120594680309295654e-01
1.537396460771560669e-01
1.310478150844573975e-01
1.782505512237548828e-01
1.765561699867248535e-01
1.547464579343795776e-01
1.600992530584335327e-01
2.708527445793151855e-01
3.797229230403900146e-01
2.925835251808166504e-01
2.097781002521514893e-01
2.022949010133743286e-01
1.808001101016998291e-01
1.599718481302261353e-01
1.487467288970947266e-01
1.690648198127746582e-01
1.679814755916595459e-01
2.072615921497344971e-01
1.750475615262985229e-01
1.225549429655075073e-01
1.054072231054306030e-01
2.099186927080154419e-01
3.823867440223693848e-01
3.728079795837402344e-01
2.951343953609466553e-01
2.514508366584777832e-01
2.066335827112197876e-01
1.815870553255081177e-01
1.661917120218276978e-01
1.550027132034301758e-01
1.503485441207885742e-01
1.644999086856842041e-01
1.891865432262420654e-01
2.154403924942016602e-01
2.351453006267547607e-01
2.719866633415222168e-01
2.362293899059295654e-01
1.496031135320663452e-01
1.284256726503372192e-01
2.211062610149383545e-01
2.452855259180068970e-01
2.007535398006439209e-01
1.524739712476730347e-01
1.525443196296691895e-01
1.503524780273437500e-01
1.538166403770446777e-01
1.833906620740890503e-01
2.435301393270492554e-01
2.296112477779388428e-01
2.163575589656829834e-01
1.855172812938690186e-01
2.016614079475402832e-01
1.924452930688858032e-01
1.820972263813018799e-01
1.316343396902084351e-01
9.889203310012817383e-02
8.336149156093597412e-02
1.139801591634750366e-01
1.623903512954711914e-01
3.227897882461547852e-01
3.390208184719085693e-01
3.631373941898345947e-01
2.628677785396575928e-01
2.539524435997009277e-01
2.292005568742752075e-01
1.638774424791336060e-01
1.372258663177490234e-01
1.260130405426025391e-01
1.123770773410797119e-01
1.064450740814208984e-01
1.001069396734237671e-01
1.425755918025970459e-01
1.106957867741584778e-01
7.169196009635925293e-02
8.238090574741363525e-02
2.310275286436080933e-01
3.777787685394287109e-01
2.327045351266860962e-01
1.591316610574722290e-01
2.103632539510726929e-01
2.250053137540817261e-01
1.560922414064407349e-01
1.061551496386528015e-01
1.050315499305725098e-01
1.087310835719108582e-01
1.241760253906250000e-01
1.600582897663116455e-01
1.969215273857116699e-01
1.902983039617538452e-01
3.115251958370208740e-01
1.777020096778869629e-01
3.554129898548126221e-01
3.927407264709472656e-01
2.964427947998046875e+00
5.215634346008300781e+00
5.624053001403808594e+00
4.799485504627227783e-01
1.012988805770874023e+00
7.383003830909729004e-01
5.840984582901000977e-01
4.651712477207183838e-01
2.073779106140136719e+00
1.207545995712280273e+00
1.030107855796813965e+00
9.084634780883789062e-01
8.197433948516845703e-01
7.479085326194763184e-01
6.805501580238342285e-01
6.334167122840881348e-01
5.941755175590515137e-01
5.597788691520690918e-01
5.311834216117858887e-01
5.033144950866699219e-01
4.061071574687957764e-01
2.644983828067779541e-01
2.501226663589477539e-01
2.463668882846832275e-01
2.496628463268280029e-01
2.494805753231048584e-01
2.455731034278869629e-01
2.454655170440673828e-01
2.494785934686660767e-01
2.493930459022521973e-01
2.452275305986404419e-01
2.451648116111755371e-01
2.299932837486267090e-01
2.286653518676757812e-01
2.568398118019104004e-01
2.557088434696197510e-01
2.397675812244415283e-01
2.390526831150054932e-01
2.533390223979949951e-01
2.530021071434020996e-01
2.418728023767471313e-01
2.414935380220413208e-01
2.524403035640716553e-01
2.522019445896148682e-01
2.432796657085418701e-01
2.430554032325744629e-01
2.511755526065826416e-01
2.509986758232116699e-01
2.435154914855957031e-01
2.433619648218154907e-01
2.313737869262695312e-01
2.300771176815032959e-01
2.534574270248413086e-01
2.525788843631744385e-01
2.430503964424133301e-01
2.427837848663330078e-01
2.500468492507934570e-01
2.499356567859649658e-01
2.440274357795715332e-01
2.438406944274902344e-01
2.511933743953704834e-01
2.510539591312408447e-01
2.440230846405029297e-01
2.438558936119079590e-01
2.501524090766906738e-01
2.500375211238861084e-01
2.444494813680648804e-01
2.443598210811614990e-01
2.298696488142013550e-01
2.284506261348724365e-01
2.555320262908935547e-01
2.543859481811523438e-01
2.393836975097656250e-01
2.388710975646972656e-01
2.523954212665557861e-01
2.520847916603088379e-01
2.422023266553878784e-01
2.419074177742004395e-01
2.511910200119018555e-01
2.509920895099639893e-01
2.441166341304779053e-01
2.439470738172531128e-01
2.494198381900787354e-01
2.492904216051101685e-01
2.447794973850250244e-01
2.446604967117309570e-01
2.296951115131378174e-01
2.284462153911590576e-01
2.534209489822387695e-01
2.525475025177001953e-01
2.425034344196319580e-01
2.423391342163085938e-01
2.488912343978881836e-01
2.487972378730773926e-01
2.449101656675338745e-01
2.447869181632995605e-01
2.492299079895019531e-01
2.491343170404434204e-01
2.452304810285568237e-01
2.451413869857788086e-01
2.487873733043670654e-01
2.487098425626754761e-01
2.450672984123229980e-01
2.450068295001983643e-01
2.293193787336349487e-01
2.279340624809265137e-01
2.539739012718200684e-01
2.530600428581237793e-01
2.402316927909851074e-01
2.399530112743377686e-01
2.513254284858703613e-01
2.510828673839569092e-01
2.426279336214065552e-01
2.424029111862182617e-01
2.511180639266967773e-01
2.509155869483947754e-01
2.437202036380767822e-01
2.435577809810638428e-01
2.500477433204650879e-01
2.499041408300399780e-01
2.437757700681686401e-01
2.436403632164001465e-01
2.304044663906097412e-01
2.291571199893951416e-01
2.506988346576690674e-01
2.500169575214385986e-01
2.431659102439880371e-01
2.430465966463088989e-01
2.481715083122253418e-01
2.480754852294921875e-01
2.450869381427764893e-01
2.449889183044433594e-01
2.488079965114593506e-01
2.486957311630249023e-01
2.452555000782012939e-01
2.451539784669876099e-01
2.484640628099441528e-01
2.483734190464019775e-01
2.450039386749267578e-01
2.449386417865753174e-01
2.284189462661743164e-01
2.269142866134643555e-01
2.539150118827819824e-01
2.529907524585723877e-01
2.385440468788146973e-01
2.382362186908721924e-01
2.522497177124023438e-01
2.519221901893615723e-01
2.413545846939086914e-01
2.411072105169296265e-01
2.519112825393676758e-01
2.516513764858245850e-01
2.428188621997833252e-01
2.425761818885803223e-01
2.503196895122528076e-01
2.501402497291564941e-01
2.431285381317138672e-01
2.429397702217102051e-01
2.295304834842681885e-01
2.281207889318466187e-01
2.506837248802185059e-01
2.499700635671615601e-01
2.421188652515411377e-01
2.420313954353332520e-01
2.484400719404220581e-01
2.483219057321548462e-01
2.442033737897872925e-01
2.441200613975524902e-01
2.495081126689910889e-01
2.493755221366882324e-01
2.443124353885650635e-01
2.442040443420410156e-01
2.491180300712585449e-01
2.490077614784240723e-01
2.439579814672470093e-01
2.438631653785705566e-01
2.279555052518844604e-01
2.262648493051528931e-01
2.530784010887145996e-01
2.522505819797515869e-01
2.380022108554840088e-01
2.377166748046875000e-01
2.519726753234863281e-01
2.515661716461181641e-01
2.408924698829650879e-01
2.407138794660568237e-01
2.514759302139282227e-01
2.511944174766540527e-01
2.428511381149291992e-01
2.426728308200836182e-01
2.494699954986572266e-01
2.492831945419311523e-01
2.435475289821624756e-01
2.433914542198181152e-01
2.275071740150451660e-01
2.260880470275878906e-01
2.506225705146789551e-01
2.501783967018127441e-01
2.404711544513702393e-01
2.403525710105895996e-01
2.482910752296447754e-01
2.481743097305297852e-01
2.440144419670104980e-01
2.439662218093872070e-01
2.485096454620361328e-01
2.484042942523956299e-01
2.448417544364929199e-01
2.447832822799682617e-01
2.479544878005981445e-01
2.478620111942291260e-01
2.444566190242767334e-01
2.443933486938476562e-01
2.261840105056762695e-01
2.244633436203002930e-01
2.520677447319030762e-01
2.515980899333953857e-01
2.382310330867767334e-01
2.379705607891082764e-01
2.513789236545562744e-01
2.510774731636047363e-01
2.411616593599319458e-01
2.410523891448974609e-01
2.512543797492980957e-01
2.509748637676239014e-01
2.425266504287719727e-01
2.424244880676269531e-01
2.497954070568084717e-01
2.495892941951751709e-01
2.426447719335556030e-01
2.425195574760437012e-01
2.270047068595886230e-01
2.255808115005493164e-01
2.485819458961486816e-01
2.486575841903686523e-01
2.418753802776336670e-01
2.419105172157287598e-01
2.488481998443603516e-01
2.489020526409149170e-01
2.446554303169250488e-01
2.447023987770080566e-01
2.495007812976837158e-01
2.495077848434448242e-01
2.451470494270324707e-01
2.452146112918853760e-01
2.490943074226379395e-01
2.491885125637054443e-01
2.449250966310501099e-01
2.450673878192901611e-01
2.285283505916595459e-01
2.281922101974487305e-01
2.599166333675384521e-01
2.631223201751708984e-01
2.477350234985351562e-01
2.506064176559448242e-01
2.668311893939971924e-01
2.691155076026916504e-01
2.538285255432128906e-01
2.549386024475097656e-01
2.658816576004028320e-01
2.658764719963073730e-01
2.515347301959991455e-01
2.509679198265075684e-01
2.589156329631805420e-01
2.579860985279083252e-01
2.469241023063659668e-01
2.462026476860046387e-01
2.340161949396133423e-01
2.323359102010726929e-01
2.541216909885406494e-01
2.535081505775451660e-01
2.442823648452758789e-01
2.437673211097717285e-01
2.501590251922607422e-01
2.498008608818054199e-01
2.448843419551849365e-01
2.446638643741607666e-01
2.493592202663421631e-01
2.491387277841567993e-01
2.445998191833496094e-01
2.445189207792282104e-01
2.482843846082687378e-01
2.481449842453002930e-01
2.439051717519760132e-01
2.438414841890335083e-01
2.256724685430526733e-01
2.237091362476348877e-01
2.522709369659423828e-01
2.517848610877990723e-01
2.369319200515747070e-01
2.366379499435424805e-01
2.535531222820281982e-01
2.532322704792022705e-01
2.396455258131027222e-01
2.394775748252868652e-01
2.536283731460571289e-01
2.531646490097045898e-01
2.407066524028778076e-01
2.404892444610595703e-01
2.517373859882354736e-01
2.514612078666687012e-01
2.406810373067855835e-01
2.404893636703491211e-01
2.280606329441070557e-01
2.265312075614929199e-01
2.491042017936706543e-01
2.494690567255020142e-01
2.411481738090515137e-01
2.414005398750305176e-01
2.517346739768981934e-01
2.521266341209411621e-01
2.452954649925231934e-01
2.455625683069229126e-01
2.524371147155761719e-01
2.526787221431732178e-01
2.462911903858184814e-01
2.465540319681167603e-01
2.518147230148315430e-01
2.520160675048828125e-01
2.462833225727081299e-01
2.467419207096099854e-01
2.306565046310424805e-01
2.312025874853134155e-01
2.660030126571655273e-01
2.708491384983062744e-01
2.502181231975555420e-01
2.532122731208801270e-01
2.737506031990051270e-01
2.760847508907318115e-01
2.538707554340362549e-01
2.537828683853149414e-01
2.665110230445861816e-01
2.654969394207000732e-01
2.478038668632507324e-01
2.467803210020065308e-01
2.562624514102935791e-01
2.550909519195556641e-01
2.436560094356536865e-01
2.430598437786102295e-01
2.291284054517745972e-01
2.271527945995330811e-01
2.506951987743377686e-01
2.500395774841308594e-01
2.407414019107818604e-01
2.404634654521942139e-01
2.498321086168289185e-01
2.495276629924774170e-01
2.437981069087982178e-01
2.436634600162506104e-01
2.493668794631958008e-01
2.491610646247863770e-01
2.441549003124237061e-01
2.440715134143829346e-01
2.481028735637664795e-01
2.479521036148071289e-01
2.433552294969558716e-01
2.432680726051330566e-01
2.229548692703247070e-01
2.207366824150085449e-01
2.499044537544250488e-01
2.494700551033020020e-01
2.358328700065612793e-01
2.355011105537414551e-01
2.525280117988586426e-01
2.521535754203796387e-01
2.399284541606903076e-01
2.397717535495758057e-01
2.524084150791168213e-01
2.520662248134613037e-01
2.413252443075180054e-01
2.411687076091766357e-01
2.504905760288238525e-01
2.502275407314300537e-01
2.411207258701324463e-01
2.409551441669464111e-01
2.239124029874801636e-01
2.221075892448425293e-01
2.476814985275268555e-01
2.485515773296356201e-01
2.408156096935272217e-01
2.414280176162719727e-01
2.533108294010162354e-01
2.542262673377990723e-01
2.462814152240753174e-01
2.469351589679718018e-01
2.550458312034606934e-01
2.558107674121856689e-01
2.478076219558715820e-01
2.483441531658172607e-01
2.546556890010833740e-01
2.552877962589263916e-01
2.476592808961868286e-01
2.481612563133239746e-01
2.316847443580627441e-01
2.324925810098648071e-01
2.661032378673553467e-01
2.710136473178863525e-01
2.525165379047393799e-01
2.552655935287475586e-01
2.708374261856079102e-01
2.710166573524475098e-01
2.521280646324157715e-01
2.518595159053802490e-01
2.624498605728149414e-01
2.613483369350433350e-01
2.467190623283386230e-01
2.457886636257171631e-01
2.543267905712127686e-01
2.534555196762084961e-01
2.429222166538238525e-01
2.423997223377227783e-01
2.252704352140426636e-01
2.228052616119384766e-01
2.487021386623382568e-01
2.482105344533920288e-01
2.389449775218963623e-01
2.385917305946350098e-01
2.515741288661956787e-01
2.512502372264862061e-01
2.422538101673126221e-01
2.420811355113983154e-01
2.513820528984069824e-01
2.510207295417785645e-01
2.424436360597610474e-01
2.423228919506072998e-01
2.496458292007446289e-01
2.493862211704254150e-01
2.413616478443145752e-01
2.412191331386566162e-01
2.211161553859710693e-01
2.183636724948883057e-01
2.464043200016021729e-01
2.463689297437667847e-01
2.358798384666442871e-01
2.357524335384368896e-01
2.527594268321990967e-01
2.527828812599182129e-01
2.408625483512878418e-01
2.408092170953750610e-01
2.537103891372680664e-01
2.534831166267395020e-01
2.415249049663543701e-01
2.414175868034362793e-01
2.517502903938293457e-01
2.515558600425720215e-01
2.405965328216552734e-01
2.404270172119140625e-01
2.227183282375335693e-01
2.211010754108428955e-01
2.496707737445831299e-01
2.523914575576782227e-01
2.437478899955749512e-01
2.464216351509094238e-01
2.633545696735382080e-01
2.661614120006561279e-01
2.531915903091430664e-01
2.548824846744537354e-01
2.662367820739746094e-01
2.676405608654022217e-01
2.532759904861450195e-01
2.531356513500213623e-01
2.611824870109558105e-01
2.605645358562469482e-01
2.477248907089233398e-01
2.469058632850646973e-01
2.296592593193054199e-01
2.267752587795257568e-01
2.567546963691711426e-01
2.601468861103057861e-01
2.440883964300155640e-01
2.448571920394897461e-01
2.627674341201782227e-01
2.625828683376312256e-01
2.450193762779235840e-01
2.441356480121612549e-01
2.578554451465606689e-01
2.568433284759521484e-01
2.418524771928787231e-01
2.412742227315902710e-01
2.527782320976257324e-01
2.521108388900756836e-01
2.394949197769165039e-01
2.391491234302520752e-01
2.213616073131561279e-01
2.181296050548553467e-01
2.433978915214538574e-01
2.431846559047698975e-01
2.357784360647201538e-01
2.355062067508697510e-01
2.511931955814361572e-01
2.511123418807983398e-01
2.412820756435394287e-01
2.411555349826812744e-01
2.522481083869934082e-01
2.519162893295288086e-01
2.414950132369995117e-01
2.413125634193420410e-01
2.502709627151489258e-01
2.499651610851287842e-01
2.400209307670593262e-01
2.398254871368408203e-01
2.178694605827331543e-01
2.147207260131835938e-01
2.464873045682907104e-01
2.481842935085296631e-01
2.360504269599914551e-01
2.369995713233947754e-01
2.620454430580139160e-01
2.654405236244201660e-01
2.471052110195159912e-01
2.496883571147918701e-01
2.694792449474334717e-01
2.713410556316375732e-01
2.511031925678253174e-01
2.521784603595733643e-01
2.666526734828948975e-01
2.668161690235137939e-01
2.483975291252136230e-01
2.473943829536437988e-01
2.330411970615386963e-01
2.323121428489685059e-01
2.604190409183502197e-01
2.645962238311767578e-01
2.509618997573852539e-01
2.511680722236633301e-01
2.656380236148834229e-01
2.647812664508819580e-01
2.489026784896850586e-01
2.470951378345489502e-01
2.572185695171356201e-01
2.558462619781494141e-01
2.431295812129974365e-01
2.423943281173706055e-01
2.509107589721679688e-01
2.501836121082305908e-01
2.402931749820709229e-01
2.399923056364059448e-01
2.168588638305664062e-01
2.127477526664733887e-01
2.431474775075912476e-01
2.426497936248779297e-01
2.314015626907348633e-01
2.309747636318206787e-01
2.536359131336212158e-01
2.532466053962707520e-01
2.379192709922790527e-01
2.376632690429687500e-01
2.540378570556640625e-01
2.534446120262145996e-01
2.388294339179992676e-01
2.385523915290832520e-01
2.509812116622924805e-01
2.503751516342163086e-01
2.378946840763092041e-01
2.375809550285339355e-01
2.147271931171417236e-01
2.110181599855422974e-01
2.401594221591949463e-01
2.408473938703536987e-01
2.325204908847808838e-01
2.327821403741836548e-01
2.548365890979766846e-01
2.561156153678894043e-01
2.430779337882995605e-01
2.435447871685028076e-01
2.580357193946838379e-01
2.586707770824432373e-01
2.450909316539764404e-01
2.451756000518798828e-01
2.559194564819335938e-01
2.562332153320312500e-01
2.442508637905120850e-01
2.441772222518920898e-01
2.232939451932907104e-01
2.218869179487228394e-01
2.600890398025512695e-01
2.692014873027801514e-01
2.566832005977630615e-01
2.630486488342285156e-01
2.871310710906982422e-01
2.901809513568878174e-01
2.651503086090087891e-01
2.612931728363037109e-01
2.710507214069366455e-01
2.668460011482238770e-01
2.468050122261047363e-01
2.443178594112396240e-01
2.536704242229461670e-01
2.517214119434356689e-01
2.394792437553405762e-01
2.388963699340820312e-01
2.151565551757812500e-01
2.102223187685012817e-01
2.382746636867523193e-01
2.376489341259002686e-01
2.303387671709060669e-01
2.297846376895904541e-01
2.506287992000579834e-01
2.500806450843811035e-01
2.386354804039001465e-01
2.383863925933837891e-01
2.518907189369201660e-01
2.512493729591369629e-01
2.396602630615234375e-01
2.393402755260467529e-01
2.491143047809600830e-01
2.484773695468902588e-01
2.379318773746490479e-01
2.375121116638183594e-01
2.099003344774246216e-01
2.046639025211334229e-01
2.370271086692810059e-01
2.371597290039062500e-01
2.287869602441787720e-01
2.286383807659149170e-01
2.540428638458251953e-01
2.551228106021881104e-01
2.405722737312316895e-01
2.412302792072296143e-01
2.586681544780731201e-01
2.586983144283294678e-01
2.430369853973388672e-01
2.432791590690612793e-01
2.556807994842529297e-01
2.557716965675354004e-01
2.425845563411712646e-01
2.424710988998413086e-01
2.207433432340621948e-01
2.188693434000015259e-01
2.559944987297058105e-01
2.686008810997009277e-01
2.589409649372100830e-01
2.644291818141937256e-01
2.870272397994995117e-01
2.892692089080810547e-01
2.641641497611999512e-01
2.591197490692138672e-01
2.679448723793029785e-01
2.633800506591796875e-01
2.434835880994796753e-01
2.414328902959823608e-01
2.520519196987152100e-01
2.503274381160736084e-01
2.368880808353424072e-01
2.362186908721923828e-01
2.135092914104461670e-01
2.070858180522918701e-01
2.343529462814331055e-01
2.333515286445617676e-01
2.278040945529937744e-01
2.271774113178253174e-01
2.493052780628204346e-01
2.486153841018676758e-01
2.374386191368103027e-01
2.371806204319000244e-01
2.512171268463134766e-01
2.503088414669036865e-01
2.383008897304534912e-01
2.378709316253662109e-01
2.476037442684173584e-01
2.467691004276275635e-01
2.360779792070388794e-01
2.356205582618713379e-01
2.074896842241287231e-01
2.013274729251861572e-01
2.322015464305877686e-01
2.333023548126220703e-01
2.279616296291351318e-01
2.291649281978607178e-01
2.596275806427001953e-01
2.636014819145202637e-01
2.469658851623535156e-01
2.490062564611434937e-01
2.700355052947998047e-01
2.718799114227294922e-01
2.510142326354980469e-01
2.502154111862182617e-01
2.639968395233154297e-01
2.627057731151580811e-01
2.443472146987915039e-01
2.422019392251968384e-01
2.222231924533843994e-01
2.145654559135437012e-01
2.444966882467269897e-01
2.494657188653945923e-01
2.424437254667282104e-01
2.429691106081008911e-01
2.649245858192443848e-01
2.668401896953582764e-01
2.498081773519515991e-01
2.481217533349990845e-01
2.600315511226654053e-01
2.584192752838134766e-01
2.417804002761840820e-01
2.399926781654357910e-01
2.490191161632537842e-01
2.475050389766693115e-01
2.356890141963958740e-01
2.349312305450439453e-01
2.087273299694061279e-01
2.004883736371994019e-01
2.287476956844329834e-01
2.280665636062622070e-01
2.238186597824096680e-01
2.230648100376129150e-01
2.520249187946319580e-01
2.524249851703643799e-01
2.371502220630645752e-01
2.367255687713623047e-01
2.552618980407714844e-01
2.546527981758117676e-01
2.377284169197082520e-01
2.369825541973114014e-01
2.498482465744018555e-01
2.485466897487640381e-01
2.348610162734985352e-01
2.342488020658493042e-01
2.092860043048858643e-01
2.019589692354202271e-01
2.340514808893203735e-01
2.410359680652618408e-01
2.407329529523849487e-01
2.469168007373809814e-01
2.834722995758056641e-01
2.953816354274749756e-01
2.770145535469055176e-01
2.741857767105102539e-01
2.824490070343017578e-01
2.772650420665740967e-01
2.526367306709289551e-01
2.460434436798095703e-01
2.516842186450958252e-01
2.480114996433258057e-01
2.356709837913513184e-01
2.341727912425994873e-01
2.079817354679107666e-01
1.963942348957061768e-01
2.231756150722503662e-01
2.211635708808898926e-01
2.195331752300262451e-01
2.184910774230957031e-01
2.473002970218658447e-01
2.468144297599792480e-01
2.345810830593109131e-01
2.339120656251907349e-01
2.502773404121398926e-01
2.488435059785842896e-01
2.354672849178314209e-01
2.344286441802978516e-01
2.443412840366363525e-01
2.427129745483398438e-01
2.314421236515045166e-01
2.305891513824462891e-01
2.004787921905517578e-01
1.901875734329223633e-01
2.200700342655181885e-01
2.234621196985244751e-01
2.263933569192886353e-01
2.315838932991027832e-01
2.743759155273437500e-01
2.916952073574066162e-01
2.784345149993896484e-01
2.813028693199157715e-01
2.931011915206909180e-01
2.914659976959228516e-01
2.637746334075927734e-01
2.542027235031127930e-01
2.556053400039672852e-01
2.500831484794616699e-01
2.358786165714263916e-01
2.330952286720275879e-01
2.052344977855682373e-01
1.905905604362487793e-01
2.141138017177581787e-01
2.110872417688369751e-01
2.153862565755844116e-01
2.137630879878997803e-01
2.426816821098327637e-01
2.421822249889373779e-01
2.332355678081512451e-01
2.324415445327758789e-01
2.480063438415527344e-01
2.460673600435256958e-01
2.335515916347503662e-01
2.319690883159637451e-01
2.402747273445129395e-01
2.382432222366333008e-01
2.276658117771148682e-01
2.261922359466552734e-01
1.972368955612182617e-01
1.831009685993194580e-01
2.107425183057785034e-01
2.143152356147766113e-01
2.242360860109329224e-01
2.335356771945953369e-01
2.873868048191070557e-01
3.189405798912048340e-01
3.060251772403717041e-01
3.102006614208221436e-01
3.070608973503112793e-01
2.905704677104949951e-01
2.541049718856811523e-01
2.427455782890319824e-01
2.443832159042358398e-01
2.393182963132858276e-01
2.286974340677261353e-01
2.269115447998046875e-01
2.012677043676376343e-01
1.802993714809417725e-01
2.009616494178771973e-01
1.963814944028854370e-01
2.077540457248687744e-01
2.056672424077987671e-01
2.381458878517150879e-01
2.369519472122192383e-01
2.306530922651290894e-01
2.294833809137344360e-01
2.460125684738159180e-01
2.431343048810958862e-01
2.309412658214569092e-01
2.285675108432769775e-01
2.357079684734344482e-01
2.333556860685348511e-01
2.219147086143493652e-01
2.199665755033493042e-01
1.900140941143035889e-01
1.670235991477966309e-01
1.866340190172195435e-01
1.807462275028228760e-01
1.987980008125305176e-01
2.013341039419174194e-01
2.578960359096527100e-01
2.861002683639526367e-01
3.709172010421752930e-01
3.991400301456451416e-01
4.159120917320251465e-01
3.509443700313568115e-01
2.834554910659790039e-01
2.418156862258911133e-01
2.344529926776885986e-01
2.309896647930145264e-01
2.235864698886871338e-01
2.213585376739501953e-01
2.102219462394714355e-01
1.814780980348587036e-01
1.900793612003326416e-01
1.837249100208282471e-01
2.016285061836242676e-01
1.992279738187789917e-01
2.332525849342346191e-01
2.319339513778686523e-01
2.302204072475433350e-01
2.285599708557128906e-01
2.439136803150177002e-01
2.404949516057968140e-01
2.292862236499786377e-01
2.254900336265563965e-01
2.304455488920211792e-01
2.272080779075622559e-01
2.170961648225784302e-01
2.140827476978302002e-01
1.927622258663177490e-01
1.623945832252502441e-01
1.751410067081451416e-01
1.669730544090270996e-01
1.874708235263824463e-01
1.857311725616455078e-01
2.371632903814315796e-01
2.429656684398651123e-01
2.761934399604797363e-01
3.006026744842529297e-01
3.477845191955566406e-01
3.219730556011199951e-01
2.937930524349212646e-01
2.529222369194030762e-01
2.377756834030151367e-01
2.278095781803131104e-01
2.182105779647827148e-01
2.128473371267318726e-01
2.061097323894500732e-01
1.592297703027725220e-01
1.684299707412719727e-01
1.590207517147064209e-01
1.852352619171142578e-01
1.832534968852996826e-01
2.382573485374450684e-01
2.470977157354354858e-01
2.932155132293701172e-01
3.011230826377868652e-01
3.143571615219116211e-01
2.877991795539855957e-01
2.610464096069335938e-01
2.344263792037963867e-01
2.250354588031768799e-01
2.188242673873901367e-01
2.093339264392852783e-01
2.040831893682479858e-01
2.048245072364807129e-01
1.502539813518524170e-01
1.563453674316406250e-01
1.452181786298751831e-01
1.748423874378204346e-01
1.779391169548034668e-01
2.586494088172912598e-01
3.063256740570068359e-01
4.215084314346313477e-01
3.558156192302703857e-01
2.815290689468383789e-01
2.436482906341552734e-01
2.286518365144729614e-01
2.228783369064331055e-01
2.217093408107757568e-01
2.186420559883117676e-01
2.130277901887893677e-01
2.098472714424133301e-01
2.116416245698928833e-01
1.526972353458404541e-01
1.522093117237091064e-01
1.390443742275238037e-01
1.692199856042861938e-01
1.672962456941604614e-01
2.351216971874237061e-01
2.638168931007385254e-01
3.773601055145263672e-01
3.763058185577392578e-01
3.255565166473388672e-01
2.576454877853393555e-01
2.336240112781524658e-01
2.171266227960586548e-01
2.122428715229034424e-01
2.065418958663940430e-01
1.966468393802642822e-01
1.907811909914016724e-01
2.251667380332946777e-01
1.469693183898925781e-01
1.456377059221267700e-01
1.325876116752624512e-01
1.828801780939102173e-01
2.090216577053070068e-01
3.717364370822906494e-01
4.076319634914398193e-01
3.883387148380279541e-01
2.691270112991333008e-01
2.343769669532775879e-01
2.266434431076049805e-01
2.147514075040817261e-01
2.088206857442855835e-01
2.079580128192901611e-01
2.005309760570526123e-01
1.931173056364059448e-01
1.873430907726287842e-01
2.510498166084289551e-01
1.838714331388473511e-01
1.543625742197036743e-01
1.348810195922851562e-01
1.689510494470596313e-01
1.583666354417800903e-01
2.335088551044464111e-01
2.806957364082336426e-01
4.257560670375823975e-01
3.592386245727539062e-01
2.594619989395141602e-01
2.290636301040649414e-01
2.083546221256256104e-01
1.972913742065429688e-01
1.992979794740676880e-01
1.937360018491744995e-01
1.801871955394744873e-01
1.762130260467529297e-01
2.487531304359436035e-01
1.640579551458358765e-01
1.465481221675872803e-01
1.407758146524429321e-01
2.500779926776885986e-01
2.729544937610626221e-01
3.831042051315307617e-01
3.048133850097656250e-01
2.665052115917205811e-01
2.291011810302734375e-01
2.238817363977432251e-01
2.143461704254150391e-01
2.091135084629058838e-01
2.054638266563415527e-01
2.046088278293609619e-01
2.016875445842742920e-01
1.927224695682525635e-01
1.863629221916198730e-01
2.281681299209594727e-01
1.354940533638000488e-01
1.173750236630439758e-01
9.735696017742156982e-02
1.468568593263626099e-01
1.521626561880111694e-01
2.865061163902282715e-01
4.648110568523406982e-01
5.258922576904296875e-01
3.959762454032897949e-01
2.900590300559997559e-01
2.302151918411254883e-01
2.099470794200897217e-01
2.038044333457946777e-01
1.965763866901397705e-01
1.911912560462951660e-01
1.874921768903732300e-01
1.841489523649215698e-01
2.476365566253662109e-01
1.643275022506713867e-01
1.392328143119812012e-01
1.183598861098289490e-01
1.612420231103897095e-01
1.436713188886642456e-01
2.057085931301116943e-01
1.994129121303558350e-01
2.325874119997024536e-01
2.618117034435272217e-01
3.566462993621826172e-01
4.038349688053131104e-01
3.097167611122131348e-01
2.379442751407623291e-01
2.050720155239105225e-01
1.943518221378326416e-01
1.793724745512008667e-01
1.683574914932250977e-01
2.201587855815887451e-01
1.251337826251983643e-01
1.239104568958282471e-01
1.062980070710182190e-01
1.638984680175781250e-01
1.848801076412200928e-01
3.170084655284881592e-01
3.991509675979614258e-01
4.232243597507476807e-01
2.989785671234130859e-01
2.254222482442855835e-01
2.125180959701538086e-01
2.017477154731750488e-01
1.954859793186187744e-01
1.858715564012527466e-01
1.791555583477020264e-01
1.723677068948745728e-01
1.637845486402511597e-01
2.268537878990173340e-01
1.353478729724884033e-01
1.174654513597488403e-01
9.319718927145004272e-02
1.491675972938537598e-01
1.498291492462158203e-01
2.468940466642379761e-01
2.819748818874359131e-01
3.736019730567932129e-01
3.060946762561798096e-01
2.420756071805953979e-01
2.167323082685470581e-01
1.935481429100036621e-01
1.820915490388870239e-01
1.708092838525772095e-01
1.581826210021972656e-01
1.345984935760498047e-01
1.317333281040191650e-01
3.957073390483856201e-01
3.171583116054534912e-01
2.471911609172821045e-01
1.352899372577667236e-01
1.721089780330657959e-01
1.542843729257583618e-01
2.242695838212966919e-01
2.177807241678237915e-01
2.584978044033050537e-01
2.422562539577484131e-01
2.280485928058624268e-01
2.074841111898422241e-01
1.969308853149414062e-01
1.827549934387207031e-01
1.544396579265594482e-01
1.324329823255538940e-01
1.286646723747253418e-01
1.350569874048233032e-01
3.443074822425842285e-01
2.486938536167144775e-01
2.737282216548919678e-01
1.373561769723892212e-01
2.024658173322677612e-01
1.694499254226684570e-01
2.377930134534835815e-01
2.304046154022216797e-01
2.683567404747009277e-01
2.336807847023010254e-01
2.285445630550384521e-01
2.068520635366439819e-01
1.962996721267700195e-01
1.868400126695632935e-01
1.934873759746551514e-01
1.881381869316101074e-01
1.811058968305587769e-01
1.880820542573928833e-01
2.779555320739746094e-01
1.530450880527496338e-01
1.437127888202667236e-01
1.005900502204895020e-01
1.625465899705886841e-01
1.825910955667495728e-01
3.586165606975555420e-01
4.621382355690002441e-01
3.821316063404083252e-01
2.577213644981384277e-01
2.160876393318176270e-01
2.101774811744689941e-01
1.978748589754104614e-01
1.909795403480529785e-01
1.822030842304229736e-01
1.740739345550537109e-01
1.628066599369049072e-01
1.543360948562622070e-01
2.137110978364944458e-01
1.185309439897537231e-01
1.352824270725250244e-01
1.070827320218086243e-01
1.496203988790512085e-01
1.794351935386657715e-01
3.433776795864105225e-01
4.386015832424163818e-01
3.349534571170806885e-01
2.464394271373748779e-01
2.192301899194717407e-01
1.929090172052383423e-01
1.771125793457031250e-01
1.607941538095474243e-01
1.406525373458862305e-01
1.298159062862396240e-01
1.341932415962219238e-01
1.558133959770202637e-01
4.298918843269348145e-01
1.918121725320816040e-01
1.038211211562156677e-01
6.607793271541595459e-02
1.027858927845954895e-01
1.375461816787719727e-01
3.804676234722137451e-01
5.294882059097290039e-01
4.074842929840087891e-01
3.023248314857482910e-01
2.098256945610046387e-01
1.797771751880645752e-01
1.580582857131958008e-01
1.438639461994171143e-01
1.298908740282058716e-01
1.184896975755691528e-01
1.050777584314346313e-01
9.590927511453628540e-02
2.560490071773529053e-01
1.650881320238113403e-01
2.628742456436157227e-01
1.120115593075752258e-01
1.650494635105133057e-01
1.395557224750518799e-01
2.170952707529067993e-01
2.010405212640762329e-01
2.557964026927947998e-01
2.258845865726470947e-01
1.885685324668884277e-01
1.698062717914581299e-01
1.503756642341613770e-01
1.403946578502655029e-01
1.256380528211593628e-01
1.522253006696701050e-01
3.205391764640808105e-01
5.807973742485046387e-01
5.210948586463928223e-01
3.050394058227539062e-01
1.858707517385482788e-01
1.408557146787643433e-01
1.559378206729888916e-01
1.470603644847869873e-01
2.017557919025421143e-01
1.963553726673126221e-01
2.497349679470062256e-01
2.429696917533874512e-01
2.623098194599151611e-01
2.496038079261779785e-01
2.364865541458129883e-01
2.224048376083374023e-01
2.075186073780059814e-01
1.920305937528610229e-01
2.135720252990722656e-01
1.996941715478897095e-01
1.187782436609268188e-01
7.689202576875686646e-02
1.024758517742156982e-01
7.889806479215621948e-02
1.896275430917739868e-01
3.337869942188262939e-01
4.584753215312957764e-01
2.521138787269592285e-01
2.453197091817855835e-01
2.374144196510314941e-01
2.476653903722763062e-01
2.416700422763824463e-01
2.449463903903961182e-01
2.236589044332504272e-01
2.038417756557464600e-01
1.897856891155242920e-01
1.900010704994201660e-01
1.825155615806579590e-01
1.400403529405593872e-01
4.905074834823608398e-02
7.769191265106201172e-02
6.949967145919799805e-02
1.350394487380981445e-01
2.257095426321029663e-01
3.214500248432159424e-01
3.054842948913574219e-01
2.631698846817016602e-01
2.372578829526901245e-01
2.419066131114959717e-01
2.286520749330520630e-01
2.271521985530853271e-01
2.113536596298217773e-01
2.062730491161346436e-01
1.698367893695831299e-01
1.657804995775222778e-01
1.521409600973129272e-01
8.185105770826339722e-02
4.044401273131370544e-02
6.374320387840270996e-02
4.302203282713890076e-02
1.417639106512069702e-01
3.102607131004333496e-01
3.728840351104736328e-01
3.156328201293945312e-01
2.421092689037322998e-01
2.248083949089050293e-01
2.331798970699310303e-01
2.274727523326873779e-01
2.273406982421875000e-01
2.186219692230224609e-01
2.111362218856811523e-01
2.004775553941726685e-01
1.886634230613708496e-01
1.758944243192672729e-01
1.282689273357391357e-01
7.210175693035125732e-02
1.023667156696319580e-01
7.314775139093399048e-02
1.072198003530502319e-01
1.031173393130302429e-01
1.940190643072128296e-01
2.103379368782043457e-01
2.642977237701416016e-01
2.685779631137847900e-01
2.844115793704986572e-01
2.498967647552490234e-01
2.316700518131256104e-01
2.064619362354278564e-01
1.959829628467559814e-01
1.739303916692733765e-01
1.759933382272720337e-01
1.786898821592330933e-01
1.911694854497909546e-01
1.774798780679702759e-01
1.664086133241653442e-01
8.789172023534774780e-02
1.186567917466163635e-01
1.331244707107543945e-01
2.363208830356597900e-01
3.715746998786926270e-01
3.845571577548980713e-01
2.726425230503082275e-01
2.480616867542266846e-01
2.108155488967895508e-01
2.082876414060592651e-01
1.933528780937194824e-01
1.708490103483200073e-01
1.531957685947418213e-01
1.340496987104415894e-01
1.029586791992187500e-01
9.802953898906707764e-02
5.124687403440475464e-02
7.119372487068176270e-02
5.917648598551750183e-02
1.652584373950958252e-01
3.064884245395660400e-01
4.114091992378234863e-01
3.179713189601898193e-01
2.504400312900543213e-01
2.243550121784210205e-01
2.254471778869628906e-01
2.207962572574615479e-01
2.229464650154113770e-01
2.162172198295593262e-01
2.046601474285125732e-01
1.963997781276702881e-01
1.919261515140533447e-01
1.794624775648117065e-01
1.461023837327957153e-01
5.841540917754173279e-02
6.939443945884704590e-02
5.199528485536575317e-02
8.746498823165893555e-02
1.010124534368515015e-01
4.072590470314025879e-01
5.613052248954772949e-01
4.147391319274902344e-01
5.881139636039733887e-01
5.010405182838439941e-01
3.396950364112854004e-01
2.262742370367050171e-01
1.958305835723876953e-01
1.696892976760864258e-01
1.489788144826889038e-01
1.412602812051773071e-01
1.320228278636932373e-01
1.422538757324218750e-01
8.184775710105895996e-02
7.607255876064300537e-02
4.976212978363037109e-02
8.707226812839508057e-02
7.645452022552490234e-02
1.749016195535659790e-01
2.618682384490966797e-01
5.282195806503295898e-01
2.726961970329284668e-01
4.157696366310119629e-01
5.750293731689453125e-01
2.875021100044250488e-01
3.174385428428649902e-01
2.213328182697296143e-01
1.689722687005996704e-01
1.387339979410171509e-01
1.197983473539352417e-01
1.216103285551071167e-01
6.675285100936889648e-02
1.323217153549194336e-01
1.061102002859115601e-01
1.886525303125381470e-01
2.243832647800445557e-01
3.497314453125000000e-01
2.944568097591400146e-01
5.747820138931274414e-01
1.837533116340637207e-01
1.777133345603942871e-01
1.886105537414550781e-01
2.693601846694946289e-01
3.164148330688476562e-01
3.768285810947418213e-01
2.918023467063903809e-01
2.524331808090209961e-01
1.921035200357437134e-01
1.763125061988830566e-01
1.408068090677261353e-01
1.494899541139602661e-01
1.276561915874481201e-01
1.461225748062133789e-01
1.370454579591751099e-01
1.771310567855834961e-01
1.693122833967208862e-01
1.847077161073684692e-01
1.728501021862030029e-01
1.548156440258026123e-01
1.397638171911239624e-01
1.324217766523361206e-01
1.205242425203323364e-01
1.029533743858337402e-01
1.089058443903923035e-01
1.412687450647354126e-01
2.806490063667297363e-01
2.330609709024429321e-01
1.081180870532989502e-01
1.892461180686950684e-01
1.216984465718269348e-01
2.260429859161376953e-01
1.349155604839324951e-01
2.425326704978942871e-01
2.734783887863159180e-01
3.316063582897186279e-01
2.679282128810882568e-01
1.916886568069458008e-01
1.799187660217285156e-01
1.739028096199035645e-01
1.506724953651428223e-01
1.238944232463836670e-01
1.069918647408485413e-01
1.090181842446327209e-01
1.058835238218307495e-01
1.770307570695877075e-01
1.024903729557991028e-01
7.969052344560623169e-02
8.223440498113632202e-02
8.640160411596298218e-02
1.079845502972602844e-01
2.769044935703277588e-01
4.041304886341094971e-01
3.529384434223175049e-01
3.017990291118621826e-01
2.453009784221649170e-01
1.963143199682235718e-01
1.737525463104248047e-01
1.499611288309097290e-01
1.349412500858306885e-01
1.213187277317047119e-01
1.238148063421249390e-01
1.195438131690025330e-01
1.264959275722503662e-01
3.273364901542663574e-02
4.120107367634773254e-02
2.342064678668975830e-02
9.981229901313781738e-02
1.341945081949234009e-01
3.873894214630126953e-01
3.672673404216766357e-01
3.677606284618377686e-01
2.674729228019714355e-01
1.957833468914031982e-01
1.848552525043487549e-01
1.693525910377502441e-01
1.473712325096130371e-01
1.140138208866119385e-01
7.866962999105453491e-02
7.669096440076828003e-02
6.590072810649871826e-02
1.876802146434783936e-01
7.921156287193298340e-02
3.872701525688171387e-02
3.784778341650962830e-02
5.555789172649383545e-02
5.452752858400344849e-02
2.008184939622879028e-01
3.607481420040130615e-01
4.959924519062042236e-01
3.467479944229125977e-01
2.642972767353057861e-01
2.044432610273361206e-01
1.873371899127960205e-01
1.725410819053649902e-01
1.599368453025817871e-01
1.416797488927841187e-01
1.287277489900588989e-01
1.103744283318519592e-01
1.343648582696914673e-01
4.221121221780776978e-02
3.491697460412979126e-02
1.774791441857814789e-02
8.893040567636489868e-02
1.509853303432464600e-01
5.038701295852661133e-01
1.640384346246719360e-01
1.977084279060363770e-01
1.870749592781066895e-01
1.837112605571746826e-01
1.907084286212921143e-01
2.669538855552673340e-01
3.511000275611877441e-01
2.466237843036651611e-01
1.909781545400619507e-01
2.702386677265167236e-01
2.423748373985290527e-01
1.986120790243148804e-01
9.817494451999664307e-02
8.356387913227081299e-02
3.116867691278457642e-02
7.347654551267623901e-02
6.511986255645751953e-02
2.388839572668075562e-01
4.829381406307220459e-01
4.962951540946960449e-01
2.114050388336181641e-01
1.938411146402359009e-01
1.811928600072860718e-01
1.730107814073562622e-01
1.550552546977996826e-01
1.363247185945510864e-01
1.205888539552688599e-01
1.230544522404670715e-01
1.316055953502655029e-01
2.120185196399688721e-01
1.065519452095031738e-01
6.700848042964935303e-02
4.976102709770202637e-02
9.070599079132080078e-02
8.950320631265640259e-02
3.249075412750244141e-01
5.646011233329772949e-01
5.675213932991027832e-01
1.982058435678482056e-01
1.999310851097106934e-01
3.509600162506103516e-01
2.887275516986846924e-01
1.990685760974884033e-01
1.289073079824447632e-01
9.236261248588562012e-02
1.167438775300979614e-01
1.093055680394172668e-01
1.693580597639083862e-01
7.549254596233367920e-02
6.433054059743881226e-02
2.466904558241367340e-02
7.487957179546356201e-02
7.044445723295211792e-02
2.761016190052032471e-01
6.165238022804260254e-01
3.810789287090301514e-01
6.904418468475341797e-01
4.478765726089477539e-01
2.542744278907775879e-01
2.235888540744781494e-01
1.805964112281799316e-01
1.506009399890899658e-01
1.363461166620254517e-01
1.294645369052886963e-01
1.139711290597915649e-01
1.703434288501739502e-01
1.119636744260787964e-01
1.222482025623321533e-01
1.534123122692108154e-01
3.304544389247894287e-01
2.019261717796325684e-01
1.989289671182632446e-01
1.740978956222534180e-01
1.896222382783889771e-01
1.793185770511627197e-01
1.417125612497329712e-01
1.282531023025512695e-01
1.454724371433258057e-01
1.333008855581283569e-01
1.040721088647842407e-01
1.017513498663902283e-01
1.621695011854171753e-01
1.545703262090682983e-01
1.884409189224243164e-01
7.069543004035949707e-02
3.689727932214736938e-02
2.407388016581535339e-02
1.072488501667976379e-01
1.514624953269958496e-01
4.234257042407989502e-01
3.454724848270416260e-01
2.818728387355804443e-01
2.315191179513931274e-01
1.602240353822708130e-01
1.396017968654632568e-01
1.452469676733016968e-01
1.292703449726104736e-01
9.492074698209762573e-02
8.017536252737045288e-02
1.195664033293724060e-01
1.220605000853538513e-01
2.050871253013610840e-01
6.067421287298202515e-02
4.706342518329620361e-02
2.702727913856506348e-02
1.267937719821929932e-01
1.644376367330551147e-01
3.266250789165496826e-01
2.743722796440124512e-01
2.313342094421386719e-01
1.962139159440994263e-01
1.471031755208969116e-01
1.229350715875625610e-01
1.122556179761886597e-01
9.367738664150238037e-02
8.950599282979965210e-02
1.014713048934936523e-01
1.902258098125457764e-01
2.660478651523590088e-01
1.858189851045608521e-01
8.214063942432403564e-02
3.756284713745117188e-02
1.057115010917186737e-02
8.256559073925018311e-02
1.317416429519653320e-01
5.113415122032165527e-01
2.001695930957794189e-01
2.639817893505096436e-01
3.224467039108276367e-01
3.561683297157287598e-01
2.314504683017730713e-01
1.734934896230697632e-01
1.074282601475715637e-01
7.737770676612854004e-02
5.863010883331298828e-02
8.616040647029876709e-02
9.350708127021789551e-02
1.618701666593551636e-01
3.222439810633659363e-02
3.969543799757957458e-02
7.675831764936447144e-02
2.912383675575256348e-01
2.062753140926361084e-01
3.757727742195129395e-01
2.700266540050506592e-01
2.162056267261505127e-01
1.990090459585189819e-01
1.692957878112792969e-01
1.561716049909591675e-01
1.307542026042938232e-01
1.082367002964019775e-01
8.155579119920730591e-02
7.078777998685836792e-02
1.785842627286911011e-01
3.018880188465118408e-01
2.297478765249252319e-01
1.361699104309082031e-01
7.670094072818756104e-02
4.482551291584968567e-02
8.886329829692840576e-02
7.492355257272720337e-02
2.062694728374481201e-01
3.613131940364837646e-01
4.947877526283264160e-01
2.278417944908142090e-01
2.005964815616607666e-01
2.941523194313049316e-01
3.238026499748229980e-01
2.730185091495513916e-01
3.243063986301422119e-01
2.176364660263061523e-01
1.227556467056274414e-01
8.496518433094024658e-02
2.323292046785354614e-01
1.426673382520675659e-01
1.560347378253936768e-01
1.039045527577400208e-01
1.873423904180526733e-01
1.749273091554641724e-01
2.987662851810455322e-01
3.274001181125640869e-01
2.994582056999206543e-01
2.092876732349395752e-01
1.462249606847763062e-01
1.310893893241882324e-01
1.051577627658843994e-01
9.008254110813140869e-02
7.883676141500473022e-02
7.207927107810974121e-02
1.041273176670074463e-01
1.002526283264160156e-01
1.737839281558990479e-01
7.426227629184722900e-02
5.295339599251747131e-02
4.473712295293807983e-02
1.687091886997222900e-01
1.898060441017150879e-01
3.755184412002563477e-01
2.459358423948287964e-01
2.422451376914978027e-01
2.516628503799438477e-01
1.410124152898788452e-01
1.156269311904907227e-01
8.609704673290252686e-02
6.948634982109069824e-02
5.266311392188072205e-02
6.658880412578582764e-02
2.449502944946289062e-01
3.104567229747772217e-01
1.811308562755584717e-01
4.924562200903892517e-02
3.985844179987907410e-02
2.439022809267044067e-02
1.824766695499420166e-01
3.259193599224090576e-01
5.005113482475280762e-01
2.342657446861267090e-01
2.213816046714782715e-01
2.010681927204132080e-01
1.628719866275787354e-01
1.445317566394805908e-01
1.327772140502929688e-01
1.100457459688186646e-01
8.788036555051803589e-02
1.072108894586563110e-01
2.444855868816375732e-01
1.962850987911224365e-01
1.796206384897232056e-01
4.256638139486312866e-02
4.543319344520568848e-02
3.481568768620491028e-02
1.894712597131729126e-01
1.714404523372650146e-01
3.574817478656768799e-01
2.455747127532958984e-01
2.105403542518615723e-01
1.933804899454116821e-01
1.317223161458969116e-01
1.132420450448989868e-01
1.030744090676307678e-01
8.875612914562225342e-02
7.837959378957748413e-02
6.926467269659042358e-02
1.534122973680496216e-01
1.129972040653228760e-01
2.350082248449325562e-01
6.879535317420959473e-02
4.682492464780807495e-02
3.945392370223999023e-02
2.284150570631027222e-01
1.611081659793853760e-01
5.092929005622863770e-01
1.766259074211120605e-01
1.986827850341796875e-01
1.880071163177490234e-01
1.588673144578933716e-01
1.835171133279800415e-01
2.442141324281692505e-01
1.526730209589004517e-01
1.816821098327636719e-01
1.222538501024246216e-01
1.206659376621246338e-01
8.802171796560287476e-02
2.090186327695846558e-01
4.702243208885192871e-02
2.931029722094535828e-02
1.721327193081378937e-02
1.471108496189117432e-01
1.627474874258041382e-01
4.921023547649383545e-01
1.895069777965545654e-01
2.064886093139648438e-01
1.901812255382537842e-01
1.377313435077667236e-01
1.197501868009567261e-01
1.026689037680625916e-01
9.433158487081527710e-02
1.043695062398910522e-01
1.498836725950241089e-01
2.457117289304733276e-01
2.467737048864364624e-01
1.781228333711624146e-01
5.300978571176528931e-02
2.487900853157043457e-02
1.602399349212646484e-02
1.466630399227142334e-01
1.954978108406066895e-01
5.436338186264038086e-01
3.351573050022125244e-01
3.278859555721282959e-01
2.959726750850677490e-01
3.039272129535675049e-01
2.362076342105865479e-01
2.018030434846878052e-01
1.394722610712051392e-01
1.151577085256576538e-01
8.237274736166000366e-02
1.103050485253334045e-01
7.686792314052581787e-02
1.587524116039276123e-01
5.387116596102714539e-02
3.078179061412811279e-02
1.208160351961851120e-02
1.163172051310539246e-01
1.352980285882949829e-01
4.839082658290863037e-01
1.776950955390930176e-01
2.459734678268432617e-01
2.429318726062774658e-01
1.656434088945388794e-01
1.455913335084915161e-01
7.506731152534484863e-02
6.505020707845687866e-02
4.355456307530403137e-02
2.848338149487972260e-02
1.289566159248352051e-01
3.062196075916290283e-01
3.418738842010498047e-01
1.291546076536178589e-01
2.716715633869171143e-02
1.086363475769758224e-02
1.038576215505599976e-01
2.249632179737091064e-01
5.348600745201110840e-01
3.744106292724609375e-01
2.926653921604156494e-01
2.237769663333892822e-01
1.732392311096191406e-01
1.292075812816619873e-01
9.478306025266647339e-02
6.738760322332382202e-02
8.227852731943130493e-02
7.298418879508972168e-02
1.178167387843132019e-01
1.015087887644767761e-01
1.296447962522506714e-01
4.800484329462051392e-02
3.203755617141723633e-02
1.513529568910598755e-02
1.462054699659347534e-01
1.460722535848617554e-01
4.187653064727783203e-01
2.748838067054748535e-01
2.756713628768920898e-01
2.154556512832641602e-01
1.677045226097106934e-01
1.469458937644958496e-01
1.082918196916580200e-01
9.140011668205261230e-02
9.222497791051864624e-02
8.081655949354171753e-02
1.365682929754257202e-01
1.189032867550849915e-01
1.560917645692825317e-01
4.855451360344886780e-02
1.625976338982582092e-02
8.034506812691688538e-03
1.170587688684463501e-01
1.871067434549331665e-01
4.570815265178680420e-01
2.181386053562164307e-01
2.229981422424316406e-01
1.995051503181457520e-01
1.168430522084236145e-01
1.043739616870880127e-01
8.263990283012390137e-02
7.952134311199188232e-02
1.601624339818954468e-01
1.864049285650253296e-01
1.328845173120498657e-01
1.011710986495018005e-01
1.845160126686096191e-01
1.115364730358123779e-01
7.379560265690088272e-03
6.303080823272466660e-03
9.006354212760925293e-02
1.327590048313140869e-01
5.091909170150756836e-01
1.769030690193176270e-01
2.156157791614532471e-01
1.965504288673400879e-01
1.128143966197967529e-01
8.011657744646072388e-02
5.173732340335845947e-02
4.514314606785774231e-02
1.173976957798004150e-01
2.920172810554504395e-01
3.112809062004089355e-01
3.177896142005920410e-01
1.287261396646499634e-01
5.515899509191513062e-02
5.803343281149864197e-02
2.573214657604694366e-02
1.362234205007553101e-01
1.378511786460876465e-01
4.230020046234130859e-01
3.032038509845733643e-01
2.743785679340362549e-01
2.234221696853637695e-01
1.252954602241516113e-01
1.086046844720840454e-01
9.504623711109161377e-02
8.004544675350189209e-02
7.849290221929550171e-02
6.745873391628265381e-02
1.426060497760772705e-01
1.004828140139579773e-01
1.297630965709686279e-01
3.723442927002906799e-02
7.266040146350860596e-02
3.623611479997634888e-02
1.935719102621078491e-01
1.049303933978080750e-01
3.919185101985931396e-01
2.860654890537261963e-01
2.449182718992233276e-01
2.127393484115600586e-01
1.179228276014328003e-01
1.024734526872634888e-01
8.149093389511108398e-02
6.626568734645843506e-02
6.556171923875808716e-02
5.749202892184257507e-02
1.433555036783218384e-01
1.322151571512222290e-01
1.303749680519104004e-01
2.934801578521728516e-02
3.104991838335990906e-02
2.016140148043632507e-02
1.534889340400695801e-01
1.537043899297714233e-01
4.575999379158020020e-01
1.683487296104431152e-01
2.393199205398559570e-01
2.346659898757934570e-01
1.368688046932220459e-01
1.254949867725372314e-01
6.490710377693176270e-02
4.878458380699157715e-02
2.562495321035385132e-02
2.605295367538928986e-02
1.802243292331695557e-01
2.789960205554962158e-01
1.578053236007690430e-01
4.818421602249145508e-02
2.796603366732597351e-02
1.352252345532178879e-02
1.307141780853271484e-01
1.448273956775665283e-01
4.915649294853210449e-01
1.696611493825912476e-01
2.037033140659332275e-01
1.842825561761856079e-01
1.598032414913177490e-01
1.601220965385437012e-01
2.669349014759063721e-01
1.907093077898025513e-01
1.322114467620849609e-01
7.865054905414581299e-02
8.711098879575729370e-02
5.095104500651359558e-02
1.065840050578117371e-01
2.056008391082286835e-02
1.095582991838455200e-01
3.199542313814163208e-02
1.850443184375762939e-01
1.622029244899749756e-01
5.050586462020874023e-01
1.857363730669021606e-01
2.193225622177124023e-01
2.233387231826782227e-01
2.710698843002319336e-01
3.014924824237823486e-01
2.359933108091354370e-01
1.374484002590179443e-01
1.178439110517501831e-01
5.385142192244529724e-02
9.732034802436828613e-02
5.389344692230224609e-02
1.095861941576004028e-01
2.585207298398017883e-02
7.566951215267181396e-02
2.245750278234481812e-02
1.394853889942169189e-01
1.085674315690994263e-01
3.939755856990814209e-01
3.482459485530853271e-01
3.968665301799774170e-01
2.338043749332427979e-01
1.542972326278686523e-01
1.335129141807556152e-01
1.074031740427017212e-01
9.083051979541778564e-02
7.576780766248703003e-02
5.504504218697547913e-02
8.721855282783508301e-02
5.751689523458480835e-02
1.186631545424461365e-01
2.629103325307369232e-02
4.584161564707756042e-02
1.841196417808532715e-02
1.398752331733703613e-01
1.375831514596939087e-01
3.656876981258392334e-01
2.414452433586120605e-01
2.775757014751434326e-01
2.158890068531036377e-01
1.210907846689224243e-01
9.689644724130630493e-02
4.977517575025558472e-02
6.030161306262016296e-02
2.092018425464630127e-01
2.319786250591278076e-01
1.416782438755035400e-01
8.812040090560913086e-02
1.397549510002136230e-01
3.331915661692619324e-02
1.738407276570796967e-02
1.631726324558258057e-02
1.808435618877410889e-01
1.463069617748260498e-01
4.683802425861358643e-01
1.955573856830596924e-01
2.357493937015533447e-01
2.085593938827514648e-01
1.340881437063217163e-01
1.054235845804214478e-01
7.401154935359954834e-02
8.004903048276901245e-02
1.922269016504287720e-01
1.691087782382965088e-01
1.542504578828811646e-01
1.046566590666770935e-01
1.160681918263435364e-01
1.963966526091098785e-02
2.405833825469017029e-02
2.532030455768108368e-02
2.080722004175186157e-01
3.178669214248657227e-01
5.456010103225708008e-01
3.626303672790527344e-01
2.456257194280624390e-01
2.044397890567779541e-01
1.615431308746337891e-01
1.315301358699798584e-01
1.180213242769241333e-01
9.533779323101043701e-02
1.224781945347785950e-01
6.453778594732284546e-02
9.067448973655700684e-02
3.995417430996894836e-02
1.237178146839141846e-01
2.539785392582416534e-02
8.882054686546325684e-02
1.250024605542421341e-02
1.023523285984992981e-01
1.030552387237548828e-01
3.800894916057586670e-01
3.045602738857269287e-01
3.142906129360198975e-01
2.396955043077468872e-01
1.358527839183807373e-01
1.124661713838577271e-01
9.165234863758087158e-02
7.118058949708938599e-02
6.962443888187408447e-02
4.529016464948654175e-02
1.206713616847991943e-01
8.022224903106689453e-02
9.155425429344177246e-02
2.314190939068794250e-02
5.085613206028938293e-02
2.478187158703804016e-02
1.647652238607406616e-01
1.195849254727363586e-01
4.218171536922454834e-01
2.346583008766174316e-01
2.881257236003875732e-01
2.177042812108993530e-01
1.494639962911605835e-01
1.174760237336158752e-01
7.875615358352661133e-02
5.394248291850090027e-02
1.475950777530670166e-01
1.707170754671096802e-01
1.329240351915359497e-01
6.574314832687377930e-02
9.611073136329650879e-02
1.770437881350517273e-02
7.500855624675750732e-02
2.641186118125915527e-02
1.317213028669357300e-01
1.121997684240341187e-01
3.966031074523925781e-01
2.500108182430267334e-01
3.158872425556182861e-01
2.285492569208145142e-01
1.381015777587890625e-01
1.158260703086853027e-01
9.195926040410995483e-02
6.748973578214645386e-02
6.876020878553390503e-02
5.290817841887474060e-02
1.394956856966018677e-01
9.268397092819213867e-02
9.820251911878585815e-02
3.514824062585830688e-02
4.481881856918334961e-02
1.067775860428810120e-02
9.603998064994812012e-02
6.504541635513305664e-02
3.887520730495452881e-01
2.754054665565490723e-01
3.634950816631317139e-01
2.417086362838745117e-01
1.164152696728706360e-01
9.065327048301696777e-02
6.515955924987792969e-02
4.493471235036849976e-02
1.054604202508926392e-01
9.850446879863739014e-02
1.327398419380187988e-01
1.136619746685028076e-01
1.236381158232688904e-01
5.692204087972640991e-02
1.391638256609439850e-02
1.051823329180479050e-02
1.262098550796508789e-01
1.460266709327697754e-01
5.288966894149780273e-01
2.806937396526336670e-01
3.214777410030364990e-01
2.821306586265563965e-01
1.767745763063430786e-01
1.253518611192703247e-01
9.773807227611541748e-02
6.351277977228164673e-02
5.318809673190116882e-02
3.444385528564453125e-02
1.203362569212913513e-01
9.714286774396896362e-02
9.245527535676956177e-02
2.355803549289703369e-02
3.113052062690258026e-02
1.163503993302583694e-02
9.148310869932174683e-02
7.208336144685745239e-02
3.723736405372619629e-01
2.919479310512542725e-01
5.148971676826477051e-01
1.923103630542755127e-01
1.579456776380538940e-01
1.356994807720184326e-01
1.135671287775039673e-01
6.800553947687149048e-02
5.888247117400169373e-02
4.402973875403404236e-02
1.172692924737930298e-01
7.190099358558654785e-02
8.062164485454559326e-02
1.623543724417686462e-02
4.454445466399192810e-02
1.958354935050010681e-02
1.131704896688461304e-01
7.956822961568832397e-02
3.508550822734832764e-01
3.447672724723815918e-01
4.144979119300842285e-01
2.483034133911132812e-01
1.225392520427703857e-01
1.018352359533309937e-01
8.035233616828918457e-02
6.011866033077239990e-02
1.073184236884117126e-01
1.882302463054656982e-01
2.431145012378692627e-01
1.024051383137702942e-01
1.032113656401634216e-01
3.326979279518127441e-02
5.558487772941589355e-02
2.348382584750652313e-02
1.265537887811660767e-01
5.747814103960990906e-02
2.310508787631988525e-01
2.335492521524429321e-01
3.567362129688262939e-01
2.516417801380157471e-01
1.304108798503875732e-01
9.959101676940917969e-02
8.055095374584197998e-02
5.840284377336502075e-02
8.883010596036911011e-02
9.734284877777099609e-02
1.586704552173614502e-01
1.102017983794212341e-01
7.913944125175476074e-02
3.241460025310516357e-02
2.133564092218875885e-02
1.526029780507087708e-02
1.251145005226135254e-01
7.199192792177200317e-02
2.493420541286468506e-01
2.887608408927917480e-01
3.061272799968719482e-01
2.040719240903854370e-01
1.252741813659667969e-01
9.818118065595626831e-02
8.211889117956161499e-02
6.561231613159179688e-02
1.127192452549934387e-01
7.001794874668121338e-02
8.287015557289123535e-02
5.159381031990051270e-02
6.505290418863296509e-02
9.906608611345291138e-03
3.779525682330131531e-02
2.443139627575874329e-02
1.301250308752059937e-01
6.703850626945495605e-02
3.288452923297882080e-01
3.286166489124298096e-01
5.288748145103454590e-01
2.593825161457061768e-01
3.062962889671325684e-01
1.494874954223632812e-01
1.605981141328811646e-01
1.138334050774574280e-01
1.098318770527839661e-01
6.414809077978134155e-02
8.186044543981552124e-02
3.774023428559303284e-02
7.295937836170196533e-02
9.930100291967391968e-03
7.475950568914413452e-02
2.259140089154243469e-02
1.200265139341354370e-01
4.778349027037620544e-02
3.231373131275177002e-01
3.650705218315124512e-01
5.559755563735961914e-01
3.007884323596954346e-01
4.269931912422180176e-01
2.694984674453735352e-01
1.480808407068252563e-01
7.922297716140747070e-02
5.423558875918388367e-02
2.134062908589839935e-02
1.169542446732521057e-01
1.357059627771377563e-01
7.642074674367904663e-02
1.565511710941791534e-02
4.736764356493949890e-02
8.173125796020030975e-03
8.026337623596191406e-02
3.446651250123977661e-02
2.196024507284164429e-01
2.711943686008453369e-01
4.833487272262573242e-01
1.850001066923141479e-01
1.304244101047515869e-01
1.056103706359863281e-01
9.653445333242416382e-02
7.678414136171340942e-02
1.342573761940002441e-01
9.781293570995330811e-02
7.883923500776290894e-02
3.525462374091148376e-02
6.074329465627670288e-02
1.274513266980648041e-02
4.463557153940200806e-02
1.051554176956415176e-02
9.370709210634231567e-02
4.054339230060577393e-02
2.113696634769439697e-01
1.942003369331359863e-01
4.058201611042022705e-01
3.509657084941864014e-01
1.351246833801269531e-01
9.800590574741363525e-02
4.502229392528533936e-02
3.202030435204505920e-02
1.418934762477874756e-01
1.476325988769531250e-01
1.265916824340820312e-01
6.673955917358398438e-02
7.647822797298431396e-02
1.203159987926483154e-02
4.800156876444816589e-02
1.503551099449396133e-02
1.071648970246315002e-01
5.046661570668220520e-02
3.469167351722717285e-01
4.792433977127075195e-01
5.194138288497924805e-01
3.165491223335266113e-01
3.503807783126831055e-01
1.779097765684127808e-01
1.455984264612197876e-01
9.106924384832382202e-02
5.758982524275779724e-02
3.081222809851169586e-02
9.175229817628860474e-02
5.410997569561004639e-02
6.460693478584289551e-02
1.167444512248039246e-02
4.897158220410346985e-02
5.350764375180006027e-03
7.018838077783584595e-02
3.627323359251022339e-02
2.763728201389312744e-01
2.310076355934143066e-01
3.859645128250122070e-01
2.887888550758361816e-01
1.188741773366928101e-01
9.354858100414276123e-02
7.711656391620635986e-02
6.024191901087760925e-02
8.746144920587539673e-02
5.432560294866561890e-02
1.012110859155654907e-01
6.686704605817794800e-02
5.209658667445182800e-02
8.630827069282531738e-03
4.123332723975181580e-02
1.233534421771764755e-02
1.026645004749298096e-01
3.934774175286293030e-02
2.209555953741073608e-01
2.667466700077056885e-01
4.245281815528869629e-01
2.477976977825164795e-01
1.009903177618980408e-01
7.866193354129791260e-02
7.246750593185424805e-02
8.571109920740127563e-02
2.032845914363861084e-01
1.211372017860412598e-01
7.857113331556320190e-02
3.696464747190475464e-02
1.089952588081359863e-01
2.670793794095516205e-02
9.636892378330230713e-02
1.038034353405237198e-02
8.573941886425018311e-02
4.618136212229728699e-02
2.265926450490951538e-01
2.310744076967239380e-01
3.334547877311706543e-01
2.360418140888214111e-01
1.249869018793106079e-01
9.752276539802551270e-02
6.559763103723526001e-02
5.126693844795227051e-02
8.762814104557037354e-02
4.950304329395294189e-02
6.041441857814788818e-02
2.339285239577293396e-02
6.439425051212310791e-02
4.496618174016475677e-03
7.842061668634414673e-02
4.032280296087265015e-02
1.835271865129470825e-01
2.831281162798404694e-02
2.125681340694427490e-01
2.039856612682342529e-01
3.186961710453033447e-01
2.681601345539093018e-01
1.159332096576690674e-01
8.137562870979309082e-02
5.514499172568321228e-02
5.930901318788528442e-02
8.887780457735061646e-02
4.774045571684837341e-02
3.876252844929695129e-02
1.648043841123580933e-02
5.120514333248138428e-02
1.108522713184356689e-02
9.687384963035583496e-02
2.226131781935691833e-02
1.515198498964309692e-01
4.964203387498855591e-02
2.364400774240493774e-01
2.181040048599243164e-01
2.884104549884796143e-01
1.995825320482254028e-01
9.681684523820877075e-02
6.303793191909790039e-02
5.707555264234542847e-02
5.640177056193351746e-02
9.703373908996582031e-02
6.383401155471801758e-02
6.380619108676910400e-02
3.381723165512084961e-02
3.717319667339324951e-02
6.772474385797977448e-03
3.810142725706100464e-02
1.340822596102952957e-02
1.130398809909820557e-01
4.605722427368164062e-02
3.385739624500274658e-01
2.608585059642791748e-01
3.929001390933990479e-01
2.742223739624023438e-01
1.180569380521774292e-01
8.739860355854034424e-02
3.218078240752220154e-02
2.271370030939579010e-02
8.454555273056030273e-02
1.416430771350860596e-01
1.768484264612197876e-01
1.377568393945693970e-01
6.495477259159088135e-02
1.160891912877559662e-02
3.480017185211181641e-02
9.316186420619487762e-03
9.606547653675079346e-02
7.651627808809280396e-02
3.741658926010131836e-01
2.542282640933990479e-01
3.181065618991851807e-01
2.460395842790603638e-01
1.375601887702941895e-01
1.149603724479675293e-01
8.105187118053436279e-02
5.794045701622962952e-02
5.595899373292922974e-02
3.516674041748046875e-02
7.953411340713500977e-02
4.741635546088218689e-02
7.274343073368072510e-02
1.514788810163736343e-02
8.259461075067520142e-02
2.962381765246391296e-02
1.343947052955627441e-01
5.637043714523315430e-02
2.610847055912017822e-01
2.940046787261962891e-01
3.922258615493774414e-01
2.754701972007751465e-01
1.734373569488525391e-01
2.194636017084121704e-01
5.959697067737579346e-02
4.222713410854339600e-02
2.115163765847682953e-02
1.303174067288637161e-02
7.537226378917694092e-02
5.218462646007537842e-02
6.366854906082153320e-02
1.655407994985580444e-02
3.416504338383674622e-02
1.018996722996234894e-02
9.887687116861343384e-02
5.588721111416816711e-02
2.580671012401580811e-01
2.070870399475097656e-01
2.979792654514312744e-01
2.414008080959320068e-01
1.094569638371467590e-01
8.181785047054290771e-02
8.225846290588378906e-02
5.568867921829223633e-02
1.329967528581619263e-01
9.820935875177383423e-02
1.073619648814201355e-01
7.093925029039382935e-02
9.683591127395629883e-02
1.364121399819850922e-02
1.149279624223709106e-01
3.200645744800567627e-02
1.438962966203689575e-01
6.057742983102798462e-02
2.977094054222106934e-01
2.559653520584106445e-01
3.404413759708404541e-01
2.586327791213989258e-01
1.219951510429382324e-01
9.953730553388595581e-02
6.934128701686859131e-02
4.864664748311042786e-02
6.494756042957305908e-02
3.593175113201141357e-02
7.629539072513580322e-02
4.996236413717269897e-02
6.367481499910354614e-02
2.321500144898891449e-02
2.435421571135520935e-02
1.212669443339109421e-02
1.122801750898361206e-01
3.729346394538879395e-02
3.209710717201232910e-01
3.110753893852233887e-01
4.159513711929321289e-01
3.037562370300292969e-01
1.309181898832321167e-01
9.871830046176910400e-02
4.907518997788429260e-02
3.900878503918647766e-02
9.334258735179901123e-02
5.986312776803970337e-02
7.491654902696609497e-02
3.874217718839645386e-02
4.054445773363113403e-02
6.840149406343698502e-03
5.717317759990692139e-02
1.675979048013687134e-02
1.222845986485481262e-01
4.706993699073791504e-02
2.797389924526214600e-01
2.006583660840988159e-01
2.717046737670898438e-01
2.285894304513931274e-01
1.218157112598419189e-01
9.353601932525634766e-02
8.513424545526504517e-02
6.569840759038925171e-02
8.927194774150848389e-02
5.013790726661682129e-02
8.973179757595062256e-02
4.902796819806098938e-02
6.233843415975570679e-02
1.251213904470205307e-02
6.613799929618835449e-02
1.905995793640613556e-02
1.104976683855056763e-01
4.602603614330291748e-02
2.371053695678710938e-01
2.718691229820251465e-01
3.690809905529022217e-01
2.636204659938812256e-01
1.403357684612274170e-01
1.088763922452926636e-01
3.272845596075057983e-02
1.770786195993423462e-02
3.450960665941238403e-02
8.806248754262924194e-02
2.063945531845092773e-01
1.240969002246856689e-01
6.935409456491470337e-02
2.390347421169281006e-02
2.071260474622249603e-02
7.865464314818382263e-03
1.067551672458648682e-01
3.597219660878181458e-02
2.521319985389709473e-01
2.466781139373779297e-01
3.023127317428588867e-01
1.993943899869918823e-01
1.222420707345008850e-01
9.422664344310760498e-02
8.738670498132705688e-02
5.049694329500198364e-02
8.038743585348129272e-02
5.740481615066528320e-02
8.747364580631256104e-02
5.438037961721420288e-02
6.475664675235748291e-02
1.254389062523841858e-02
8.197890222072601318e-02
1.652878336608409882e-02
1.001358702778816223e-01
3.423085808753967285e-02
2.085946947336196899e-01
2.071441411972045898e-01
4.252323806285858154e-01
4.036879837512969971e-01
2.368418723344802856e-01
2.227610051631927490e-01
6.646054983139038086e-02
4.305460304021835327e-02
2.406924217939376831e-02
2.702261693775653839e-02
1.218344420194625854e-01
1.348984390497207642e-01
7.561152428388595581e-02
1.551574096083641052e-02
7.037465274333953857e-02
1.439426559954881668e-02
1.029510125517845154e-01
4.332201555371284485e-02
2.588728070259094238e-01
2.420070469379425049e-01
3.242203593254089355e-01
2.220169305801391602e-01
1.002451181411743164e-01
7.520293444395065308e-02
9.453798830509185791e-02
9.181342273950576782e-02
1.730257719755172729e-01
7.759187370538711548e-02
5.502882227301597595e-02
1.742886565625667572e-02
6.941252946853637695e-02
9.448671713471412659e-03
8.724150806665420532e-02
2.579118311405181885e-02
1.133906394243240356e-01
2.718513086438179016e-02
1.761674433946609497e-01
1.689063757658004761e-01
2.951281964778900146e-01
2.238281220197677612e-01
1.158390268683433533e-01
7.085138559341430664e-02
3.311301395297050476e-02
7.699545472860336304e-02
2.468115091323852539e-01
1.402678191661834717e-01
8.011847734451293945e-02
3.949818387627601624e-02
3.525127470493316650e-02
1.904381066560745239e-02
3.455813974142074585e-02
1.126783806830644608e-02
1.192817687988281250e-01
2.923084795475006104e-02
2.025328874588012695e-01
1.987446993589401245e-01
2.754738330841064453e-01
2.083203345537185669e-01
1.138198822736740112e-01
9.339454025030136108e-02
1.175381019711494446e-01
5.425032973289489746e-02
8.578898757696151733e-02
3.393834456801414490e-02
6.916751712560653687e-02
2.845848910510540009e-02
5.047370865941047668e-02
8.471975103020668030e-03
1.111463010311126709e-01
3.706468641757965088e-02
2.061845809221267700e-01
4.001978784799575806e-02
2.306487709283828735e-01
2.027166038751602173e-01
3.266023397445678711e-01
2.564613521099090576e-01
1.221401244401931763e-01
8.879002928733825684e-02
8.213995397090911865e-02
6.069442629814147949e-02
6.471663713455200195e-02
2.939418144524097443e-02
5.366870760917663574e-02
2.580708824098110199e-02
1.839774101972579956e-02
1.145064365118741989e-02
3.261265531182289124e-02
1.564101316034793854e-02
1.441699266433715820e-01
5.438349395990371704e-02
2.813190519809722900e-01
2.238280624151229858e-01
2.654303014278411865e-01
2.245731949806213379e-01
1.228788197040557861e-01
9.127011895179748535e-02
6.492339074611663818e-02
3.815067932009696960e-02
1.208888292312622070e-01
8.013031631708145142e-02
8.697295188903808594e-02
4.522715881466865540e-02
6.495343893766403198e-02
6.455233786255121231e-03
9.110522270202636719e-02
4.525058716535568237e-02
2.050097882747650146e-01
2.757215872406959534e-02
2.291576415300369263e-01
2.739231288433074951e-01
4.164659082889556885e-01
2.289841324090957642e-01
1.157398223876953125e-01
8.501783013343811035e-02
6.475786864757537842e-02
5.989535897970199585e-02
1.164726391434669495e-01
5.281575024127960205e-02
7.223533093929290771e-02
4.177420586347579956e-02
4.740808159112930298e-02
3.538500890135765076e-02
2.201507613062858582e-02
9.814933873713016510e-03
1.286700367927551270e-01
3.452071920037269592e-02
2.228193581104278564e-01
2.052996605634689331e-01
2.933695912361145020e-01
2.169381082057952881e-01
1.237381696701049805e-01
8.782881498336791992e-02
8.164185285568237305e-02
4.997079074382781982e-02
9.991230070590972900e-02
4.585494101047515869e-02
6.489882618188858032e-02
3.155318275094032288e-02
4.373382776975631714e-02
1.642376929521560669e-02
4.352700337767601013e-02
1.433491054922342300e-02
1.162475347518920898e-01
2.429966628551483154e-02
2.473478764295578003e-01
2.471897006034851074e-01
5.128598213195800781e-01
2.036857306957244873e-01
1.677083820104598999e-01
1.118294075131416321e-01
9.992522746324539185e-02
3.442542254924774170e-02
5.973131954669952393e-02
3.113914094865322113e-02
6.859187036752700806e-02
3.824466839432716370e-02
3.538839519023895264e-02
2.525238879024982452e-02
2.512758783996105194e-02
1.644831337034702301e-02
1.492301225662231445e-01
5.270493775606155396e-02
4.235889017581939697e-01
1.123416200280189514e-01
2.446797490119934082e-01
2.184235751628875732e-01
9.935466200113296509e-02
6.949535012245178223e-02
6.540863960981369019e-02
1.265172362327575684e-01
2.020706534385681152e-01
1.101160645484924316e-01
6.401149928569793701e-02
4.824383929371833801e-02
3.567096590995788574e-02
1.195975765585899353e-02
5.316818878054618835e-02
1.236137934029102325e-02
1.168111935257911682e-01
1.960385218262672424e-02
2.104940712451934814e-01
1.859277039766311646e-01
3.634707927703857422e-01
3.334410786628723145e-01
1.403647959232330322e-01
8.760051429271697998e-02
2.689962834119796753e-02
3.394050896167755127e-02
1.777662038803100586e-01
2.090834230184555054e-01
1.543054133653640747e-01
1.056301742792129517e-01
7.835639268159866333e-02
3.041413053870201111e-02
3.242764994502067566e-02
9.310930967330932617e-03
1.116795539855957031e-01
4.402520507574081421e-02
2.141521573066711426e-01
2.541709244251251221e-01
3.432466387748718262e-01
2.255515158176422119e-01
1.218178719282150269e-01
9.197910130023956299e-02
6.761191040277481079e-02
4.276905581355094910e-02
9.824429452419281006e-02
4.945843666791915894e-02
5.614084005355834961e-02
2.560768276453018188e-02
4.497528821229934692e-02
2.285025082528591156e-02
3.698488324880599976e-02
9.945587255060672760e-03
1.124664172530174255e-01
2.425301820039749146e-02
1.879833787679672241e-01
2.009108811616897583e-01
3.114241063594818115e-01
2.217036336660385132e-01
1.240889951586723328e-01
9.630683809518814087e-02
9.357786923646926880e-02
6.402221322059631348e-02
1.570401042699813843e-01
1.195999532938003540e-01
8.446715027093887329e-02
2.538134902715682983e-02
3.340258449316024780e-02
2.050350978970527649e-02
3.416340053081512451e-02
9.946996346116065979e-03
9.968809783458709717e-02
1.834175735712051392e-02
1.811955869197845459e-01
1.620815247297286987e-01
2.568828165531158447e-01
2.419749647378921509e-01
1.097333282232284546e-01
8.207237720489501953e-02
5.393428355455398560e-02
4.292293265461921692e-02
8.332154154777526855e-02
3.643155843019485474e-02
5.315912142395973206e-02
2.405337058007717133e-02
4.139599576592445374e-02
6.725688464939594269e-03
5.513909086585044861e-02
2.046570926904678345e-02
1.247323900461196899e-01
2.620159275829792023e-02
2.263002246618270874e-01
2.608409821987152100e-01
3.611158132553100586e-01
2.808736860752105713e-01
1.284074485301971436e-01
1.047896295785903931e-01
7.230703532695770264e-02
3.629707917571067810e-02
4.301723465323448181e-02
2.027559466660022736e-02
6.680074334144592285e-02
3.238873183727264404e-02
3.444927185773849487e-02
1.543217804282903671e-02
3.616163507103919983e-02
1.598375849425792694e-02
1.255902647972106934e-01
2.769195660948753357e-02
2.348006665706634521e-01
1.822003722190856934e-01
2.923590540885925293e-01
2.240927666425704956e-01
1.082643866539001465e-01
8.607677370309829712e-02
9.403819590806961060e-02
5.702094733715057373e-02
6.594502925872802734e-02
3.193587809801101685e-02
7.716013491153717041e-02
4.594166204333305359e-02
4.153813049197196960e-02
1.666273921728134155e-02
3.382026031613349915e-02
1.910538598895072937e-02
1.474895328283309937e-01
6.301085650920867920e-02
3.492900133132934570e-01
1.767731904983520508e-01
3.432976007461547852e-01
2.684161067008972168e-01
1.039627939462661743e-01
8.632569015026092529e-02
7.004755735397338867e-02
4.445997625589370728e-02
5.487523600459098816e-02
3.361534327268600464e-02
9.783626347780227661e-02
7.176813483238220215e-02
4.076505079865455627e-02
3.844106197357177734e-02
1.076603960245847702e-02
9.294681251049041748e-03
1.236360743641853333e-01
9.860621392726898193e-02
4.525570273399353027e-01
1.223840266466140747e-01
2.083502709865570068e-01
1.878308653831481934e-01
1.384975016117095947e-01
1.273224353790283203e-01
1.773890256881713867e-01
8.727873861789703369e-02
8.975879848003387451e-02
3.016191348433494568e-02
6.667456030845642090e-02
3.454013541340827942e-02
5.434298515319824219e-02
9.920001961290836334e-03
5.195264145731925964e-02
1.887313649058341980e-02
1.342804431915283203e-01
1.504872739315032959e-02
1.718524694442749023e-01
1.952622830867767334e-01
3.588526546955108643e-01
2.263249456882476807e-01
9.141326695680618286e-02
7.167091965675354004e-02
8.643901348114013672e-02
5.875078216195106506e-02
9.210776537656784058e-02
4.437125474214553833e-02
6.995818763971328735e-02
3.887732699513435364e-02
4.508092254400253296e-02
2.578854933381080627e-02
2.689777500927448273e-02
2.060279995203018188e-02
1.722073704004287720e-01
5.401248484849929810e-02
3.610785901546478271e-01
1.358279436826705933e-01
2.506425976753234863e-01
2.035797983407974243e-01
1.165803372859954834e-01
8.602645993232727051e-02
6.097016483545303345e-02
3.964152932167053223e-02
8.314049243927001953e-02
2.892553806304931641e-02
6.195080280303955078e-02
3.649973869323730469e-02
3.265428915619850159e-02
2.022737264633178711e-02
2.995257824659347534e-02
1.899017207324504852e-02
1.507233679294586182e-01
4.187168926000595093e-02
2.378797680139541626e-01
2.108455896377563477e-01
3.791873753070831299e-01
2.243369072675704956e-01
1.257427036762237549e-01
1.002628952264785767e-01
7.077556848526000977e-02
3.734093159437179565e-02
4.453423246741294861e-02
1.956095919013023376e-02
5.676756799221038818e-02
2.391393110156059265e-02
2.947301045060157776e-02
1.574299484491348267e-02
3.501455858349800110e-02
1.039885170757770538e-02
1.090398877859115601e-01
2.296808362007141113e-02
1.707111299037933350e-01
1.458557546138763428e-01
2.622365653514862061e-01
1.892771720886230469e-01
9.795057773590087891e-02
7.056475430727005005e-02
5.918562784790992737e-02
2.711245603859424591e-02
6.326080858707427979e-02
2.608608081936836243e-02
6.151647120714187622e-02
2.609632164239883423e-02
4.352129250764846802e-02
2.987905032932758331e-02
2.353954315185546875e-02
1.392560172826051712e-02
1.462854444980621338e-01
3.364410996437072754e-02
2.815104126930236816e-01
2.229934334754943848e-01
3.987881243228912354e-01
2.403501123189926147e-01
1.151123344898223877e-01
8.829964697360992432e-02
7.459653168916702271e-02
4.516233876347541809e-02
5.669109895825386047e-02
2.723929472267627716e-02
6.453492492437362671e-02
2.630747668445110321e-02
2.484698966145515442e-02
1.345701888203620911e-02
2.906492538750171661e-02
2.152849733829498291e-02
1.648936569690704346e-01
6.619143486022949219e-02
3.051313161849975586e-01
1.977941989898681641e-01
2.875234484672546387e-01
2.033329159021377563e-01
8.819982409477233887e-02
6.689487397670745850e-02
8.056475222110748291e-02
4.114408791065216064e-02
7.455832511186599731e-02
2.780252695083618164e-02
5.797280371189117432e-02
3.235331177711486816e-02
4.189285263419151306e-02
1.158437691628932953e-02
4.106682166457176208e-02
2.344159781932830811e-02
1.792006045579910278e-01
4.661330580711364746e-02
2.983183860778808594e-01
2.524942755699157715e-01
3.810726106166839600e-01
2.442093938589096069e-01
1.032439619302749634e-01
8.797499537467956543e-02
6.202095001935958862e-02
3.436898440122604370e-02
5.773542076349258423e-02
4.026669636368751526e-02
7.952015846967697144e-02
3.884675353765487671e-02
3.249002620577812195e-02
2.758850343525409698e-02
2.098801732063293457e-02
1.347360108047723770e-02
1.492464244365692139e-01
5.287849903106689453e-02
3.121252059936523438e-01
2.158695310354232788e-01
3.033616840839385986e-01
2.039956152439117432e-01
1.245940029621124268e-01
8.426232635974884033e-02
6.565534323453903198e-02
2.396499738097190857e-02
4.235064610838890076e-02
1.722944341599941254e-02
5.030570551753044128e-02
2.295106090605258942e-02
2.959710918366909027e-02
1.588532701134681702e-02
4.127602651715278625e-02
1.954732835292816162e-02
1.555947959423065186e-01
2.787748724222183228e-02
2.301986664533615112e-01
2.496723830699920654e-01
3.942788839340209961e-01
2.809697687625885010e-01
1.188435927033424377e-01
1.171603426337242126e-01
2.941176481544971466e-02
1.998226530849933624e-02
3.981312736868858337e-02
3.413775563240051270e-02
8.750526607036590576e-02
6.099279969930648804e-02
5.355732515454292297e-02
1.466687861829996109e-02
4.057084396481513977e-02
1.973216235637664795e-02
1.572924852371215820e-01
4.520936682820320129e-02
2.482324391603469849e-01
2.003062814474105835e-01
3.243598043918609619e-01
2.239643335342407227e-01
9.516367316246032715e-02
6.850647181272506714e-02
8.495187759399414062e-02
6.840828061103820801e-02
9.333452582359313965e-02
3.186639025807380676e-02
5.633752793073654175e-02
2.362272702157497406e-02
3.168126195669174194e-02
2.115013077855110168e-02
1.388585846871137619e-02
9.771484881639480591e-03
1.227019205689430237e-01
2.826142683625221252e-02
1.736140698194503784e-01
1.739980727434158325e-01
2.971658408641815186e-01
2.134421020746231079e-01
1.051135957241058350e-01
7.018244266510009766e-02
8.058095723390579224e-02
3.696390986442565918e-02
7.531937956809997559e-02
2.465824224054813385e-02
6.687964498996734619e-02
3.490426018834114075e-02
4.140177741646766663e-02
1.181127503514289856e-02
4.955132305622100830e-02
2.641797251999378204e-02
1.890529245138168335e-01
3.971288353204727173e-02
2.411186099052429199e-01
2.027283757925033569e-01
2.977383732795715332e-01
1.988061219453811646e-01
9.982559084892272949e-02
7.753958553075790405e-02
7.756920903921127319e-02
3.557818755507469177e-02
4.771706834435462952e-02
2.069616131484508514e-02
5.615624785423278809e-02
3.854933381080627441e-02
5.318934842944145203e-02
4.772406071424484253e-02
1.858041435480117798e-02
1.120326481759548187e-02
1.330803483724594116e-01
2.599938586354255676e-02
2.115087211132049561e-01
2.397302389144897461e-01
4.183188378810882568e-01
2.220160514116287231e-01
9.788854420185089111e-02
7.261963188648223877e-02
7.650499045848846436e-02
4.430879279971122742e-02
7.192491739988327026e-02
2.691127359867095947e-02
7.006178796291351318e-02
3.338836133480072021e-02
3.143658116459846497e-02
2.359946258366107941e-02
2.302744798362255096e-02
1.293485239148139954e-02
1.424180567264556885e-01
2.042931318283081055e-02
1.899576932191848755e-01
2.357451319694519043e-01
4.009443819522857666e-01
2.310177981853485107e-01
1.019673720002174377e-01
7.641366124153137207e-02
6.297500431537628174e-02
5.364119634032249451e-02
1.144963577389717102e-01
6.375672668218612671e-02
7.287399470806121826e-02
3.544325381517410278e-02
3.633810952305793762e-02
8.218226954340934753e-03
3.046088293194770813e-02
1.696979627013206482e-02
1.398051381111145020e-01
1.277525257319211960e-02
1.513153463602066040e-01
1.681604981422424316e-01
3.126712143421173096e-01
1.951255053281784058e-01
1.028566062450408936e-01
6.806764751672744751e-02
6.138733401894569397e-02
4.993351548910140991e-02
1.080539003014564514e-01
4.919990897178649902e-02
6.207830086350440979e-02
2.564653940498828888e-02
1.845735125243663788e-02
1.642329432070255280e-02
2.124981023371219635e-02
1.119965128600597382e-02
1.230082213878631592e-01
1.173810660839080811e-02
1.489881724119186401e-01
1.574151515960693359e-01
3.469918668270111084e-01
2.373299747705459595e-01
1.001572683453559875e-01
8.101511001586914062e-02
4.496654495596885681e-02
3.695111349225044250e-02
9.953095018863677979e-02
5.182287842035293579e-02
7.609684765338897705e-02
4.013108462095260620e-02
3.368855640292167664e-02
3.534510731697082520e-02
2.534330822527408600e-02
1.262813620269298553e-02
1.518299281597137451e-01
1.972989924252033234e-02
1.949113905429840088e-01
1.842658966779708862e-01
3.757166862487792969e-01
1.855790615081787109e-01
1.013579070568084717e-01
7.605399936437606812e-02
8.222092688083648682e-02
3.982306271791458130e-02
7.694240659475326538e-02
2.262164466083049774e-02
5.604030564427375793e-02
2.457802556455135345e-02
4.629831016063690186e-02
4.927324876189231873e-02
1.808249764144420624e-02
1.053559035062789917e-02
1.406621038913726807e-01
1.716715656220912933e-02
1.697058975696563721e-01
1.837780475616455078e-01
3.508088290691375732e-01
2.392855733633041382e-01
1.142073720693588257e-01
7.888989895582199097e-02
7.886063307523727417e-02
5.935649946331977844e-02
1.320352554321289062e-01
6.330792605876922607e-02
3.498942032456398010e-02
1.272840332239866257e-02
2.325826324522495270e-02
2.002944611012935638e-02
1.694229058921337128e-02
1.017325185239315033e-02
1.286947280168533325e-01
1.473091263324022293e-02
1.646894663572311401e-01
1.415681391954421997e-01
3.135791122913360596e-01
2.202563136816024780e-01
1.125343292951583862e-01
7.986898720264434814e-02
7.690450549125671387e-02
4.648903384804725647e-02
7.411888241767883301e-02
2.393644675612449646e-02
4.244088754057884216e-02
1.828311197459697723e-02
4.239654541015625000e-02
3.431286662817001343e-02
2.897313795983791351e-02
1.194479782134294510e-02
1.490860134363174438e-01
1.920410990715026855e-02
1.865110397338867188e-01
1.530735939741134644e-01
3.249094784259796143e-01
2.342006415128707886e-01
1.148168295621871948e-01
7.795834541320800781e-02
7.685206830501556396e-02
3.829961270093917847e-02
5.632555484771728516e-02
1.658723689615726471e-02
5.910260230302810669e-02
2.180957980453968048e-02
4.008132219314575195e-02
3.159059584140777588e-02
3.487148508429527283e-02
1.194220501929521561e-02
1.363502442836761475e-01
2.093936875462532043e-02
2.108957022428512573e-01
1.630005836486816406e-01
3.597010672092437744e-01
2.457860410213470459e-01
1.141155511140823364e-01
7.256282866001129150e-02
9.190269559621810913e-02
1.054871231317520142e-01
1.751927733421325684e-01
4.737424105405807495e-02
4.549900069832801819e-02
1.444349344819784164e-02
3.505659103393554688e-02
2.620878815650939941e-02
2.054566331207752228e-02
1.377862412482500076e-02
1.668037921190261841e-01
2.443379536271095276e-02
2.384981215000152588e-01
2.799252271652221680e-01
4.345612823963165283e-01
2.921996116638183594e-01
2.335867881774902344e-01
2.889440953731536865e-01
7.590201497077941895e-02
4.486377537250518799e-02
3.419942408800125122e-02
2.763591706752777100e-02
9.305349737405776978e-02
6.051479652523994446e-02
5.966866016387939453e-02
3.372579440474510193e-02
2.744583226740360260e-02
1.057822257280349731e-02
1.344122439622879028e-01
1.644821092486381531e-02
1.847925037145614624e-01
2.003032714128494263e-01
3.419336378574371338e-01
2.223941087722778320e-01
1.154472976922988892e-01
7.753039151430130005e-02
9.689903259277343750e-02
1.380213648080825806e-01
1.736598759889602661e-01
5.205331742763519287e-02
4.771652817726135254e-02
1.114729233086109161e-02
