3.776004552841186523e+00
2.281268358230590820e+00
1.358362317085266113e+00
9.371815919876098633e-01
7.697753310203552246e-01
6.856889128684997559e-01
6.021106839179992676e-01
5.329329967498779297e-01
4.824391901493072510e-01
4.139639735221862793e-01
4.401384592056274414e-01
3.712994456291198730e-01
3.351477980613708496e-01
3.920739591121673584e-01
3.259760737419128418e-01
2.770258486270904541e-01
3.476384282112121582e-01
2.643873989582061768e-01
2.241466045379638672e-01
2.864240407943725586e-01
2.226567417383193970e-01
1.822294443845748901e-01
1.910125613212585449e-01
1.737803965806961060e-01
2.082538008689880371e-01
1.479689180850982666e-01
1.569424867630004883e-01
1.710876971483230591e-01
1.161152794957160950e-01
1.031273379921913147e-01
1.143754273653030396e-01
1.201120838522911072e-01
1.617813557386398315e-01
9.728745371103286743e-02
8.996241539716720581e-02
9.632346779108047485e-02
1.408476531505584717e-01
1.218148991465568542e-01
8.691655844449996948e-02
8.079960942268371582e-02
8.418016880750656128e-02
1.250208020210266113e-01
1.784390062093734741e-01
2.830832898616790771e-01
1.517831981182098389e-01
1.194966286420822144e-01
8.559126406908035278e-02
6.502809375524520874e-02
6.204118579626083374e-02
6.056984141469001770e-02
6.002765893936157227e-02
6.078223139047622681e-02
6.353254616260528564e-02
6.416165083646774292e-02
1.006561592221260071e-01
6.682683527469635010e-02
5.250040441751480103e-02
5.057482793927192688e-02
4.838474094867706299e-02
4.938630759716033936e-02
5.056564882397651672e-02
5.400729179382324219e-02
5.725794658064842224e-02
9.606127440929412842e-02
6.936107575893402100e-02
4.469938948750495911e-02
4.430202767252922058e-02
4.575223848223686218e-02
5.495918542146682739e-02
5.190585181117057800e-02
6.144343316555023193e-02
4.699856787919998169e-02
8.778163790702819824e-02
6.207612156867980957e-02
4.980148375034332275e-02
4.662061855196952820e-02
4.195600748062133789e-02
4.113277792930603027e-02
4.070696607232093811e-02
4.097331315279006958e-02
4.328877106308937073e-02
8.553751558065414429e-02
6.302529573440551758e-02
4.045444354414939880e-02
4.360442236065864563e-02
3.715959191322326660e-02
4.036881402134895325e-02
3.719307109713554382e-02
3.987744078040122986e-02
3.760119155049324036e-02
8.128094673156738281e-02
5.243716388940811157e-02
3.628541901707649231e-02
3.637041524052619934e-02
3.419885039329528809e-02
3.557713329792022705e-02
3.591461852192878723e-02
3.785827383399009705e-02
4.098904505372047424e-02
7.563134282827377319e-02
4.537790641188621521e-02
3.066458366811275482e-02
3.195367380976676941e-02
3.023583255708217621e-02
3.397341072559356689e-02
3.117008134722709656e-02
3.397557884454727173e-02
3.159592300653457642e-02
7.831797003746032715e-02
5.097496509552001953e-02
3.381335362792015076e-02
3.361338004469871521e-02
2.920706570148468018e-02
3.024542331695556641e-02
2.937265671789646149e-02
3.087935037910938263e-02
3.226606920361518860e-02
7.258088141679763794e-02
4.169929400086402893e-02
2.459114603698253632e-02
2.510967105627059937e-02
2.411168813705444336e-02
2.670601941645145416e-02
2.582500316202640533e-02
2.750536985695362091e-02
2.734071016311645508e-02
7.614492624998092651e-02
4.775099083781242371e-02
2.992551960051059723e-02
2.886201813817024231e-02
2.506448514759540558e-02
2.535861544311046600e-02
2.488285489380359650e-02
2.525475621223449707e-02
2.680244110524654388e-02
7.504083961248397827e-02
4.783230647444725037e-02
2.223212271928787231e-02
2.285030111670494080e-02
2.109385468065738678e-02
2.322241663932800293e-02
2.297413907945156097e-02
2.420177124440670013e-02
2.413427643477916718e-02
7.851427048444747925e-02
4.954586550593376160e-02
2.713773399591445923e-02
2.516836859285831451e-02
2.305998094379901886e-02
2.322314679622650146e-02
2.366995811462402344e-02
2.393672056496143341e-02
2.549518458545207977e-02
7.951049506664276123e-02
4.717383533716201782e-02
1.875514537096023560e-02
1.907605305314064026e-02
1.888670772314071655e-02
2.104952931404113770e-02
2.102983742952346802e-02
2.160930074751377106e-02
2.189228683710098267e-02
7.538563013076782227e-02
4.180987924337387085e-02
2.100448310375213623e-02
2.047822065651416779e-02
1.913494057953357697e-02
2.028335072100162506e-02
2.076426707208156586e-02
2.137524262070655823e-02
2.281605266034603119e-02
7.537189871072769165e-02
4.174300283193588257e-02
1.608921773731708527e-02
1.566404849290847778e-02
1.618262752890586853e-02
1.790009625256061554e-02
1.876328699290752411e-02
1.935791224241256714e-02
1.997461169958114624e-02
7.278174906969070435e-02
4.041419178247451782e-02
2.865825407207012177e-02
2.128383331000804901e-02
1.924104243516921997e-02
1.970470882952213287e-02
2.131921797990798950e-02
2.143010683357715607e-02
2.249652892351150513e-02
7.445704191923141479e-02
4.127728566527366638e-02
1.559762842953205109e-02
1.440646592527627945e-02
1.446753367781639099e-02
1.571530848741531372e-02
1.676271297037601471e-02
1.734080724418163300e-02
1.841224730014801025e-02
7.198595255613327026e-02
3.931202739477157593e-02
1.924145594239234924e-02
1.835032366216182709e-02
1.740439981222152710e-02
1.833327114582061768e-02
1.902079582214355469e-02
1.941478252410888672e-02
2.034287713468074799e-02
7.337530702352523804e-02
3.900394961237907410e-02
1.326548680663108826e-02
1.332817133516073227e-02
1.403058320283889771e-02
1.628370583057403564e-02
1.677861809730529785e-02
1.725863479077816010e-02
1.777557656168937683e-02
7.175240665674209595e-02
3.855095058679580688e-02
1.723415032029151917e-02
1.654173620045185089e-02
1.581867970526218414e-02
1.701752282679080963e-02
1.784916035830974579e-02
1.847609318792819977e-02
1.955374702811241150e-02
7.370142638683319092e-02
3.923679143190383911e-02
1.242316700518131256e-02
1.148850377649068832e-02
1.182989310473203659e-02
1.310644764453172684e-02
1.434755045920610428e-02
1.507041975855827332e-02
1.637276262044906616e-02
6.912716478109359741e-02
3.432749584317207336e-02
1.385105494409799576e-02
1.381070073693990707e-02
1.332601904869079590e-02
1.515244413167238235e-02
1.595309190452098846e-02
1.714861206710338593e-02
1.841133832931518555e-02
6.976219266653060913e-02
3.444610536098480225e-02
1.095161959528923035e-02
1.032429374754428864e-02
1.094035431742668152e-02
1.236981991678476334e-02
1.379334740340709686e-02
1.451728399842977524e-02
1.589410379528999329e-02
6.803242862224578857e-02
3.374977782368659973e-02
1.416090130805969238e-02
1.422942336648702621e-02
1.430411823093891144e-02
1.603560708463191986e-02
1.747997663915157318e-02
1.799017004668712616e-02
1.908111572265625000e-02
7.043614983558654785e-02
3.546344488859176636e-02
1.044603157788515091e-02
9.936341084539890289e-03
1.048966217786073685e-02
1.230515260249376297e-02
1.368365902453660965e-02
1.463127043098211288e-02
1.575951091945171356e-02
6.781423836946487427e-02
3.425824269652366638e-02
1.362228672951459885e-02
1.347989309579133987e-02
1.362578477710485458e-02
1.526705548167228699e-02
1.655420660972595215e-02
1.715402677655220032e-02
1.825360022485256195e-02
6.969723105430603027e-02
3.508696705102920532e-02
1.072041969746351242e-02
9.363046847283840179e-03
9.539222344756126404e-03
1.104119326919317245e-02
1.220861915498971939e-02
1.331639476120471954e-02
1.460898201912641525e-02
6.646747142076492310e-02
3.189830854535102844e-02
1.151002198457717896e-02
1.151244342327117920e-02
1.125029195100069046e-02
1.324218325316905975e-02
1.408176310360431671e-02
1.544848643243312836e-02
1.659237407147884369e-02
6.587905436754226685e-02
3.049995005130767822e-02
8.895542472600936890e-03
8.326986804604530334e-03
8.798288181424140930e-03
1.051347982138395309e-02
1.175347436219453812e-02
1.296297647058963776e-02
1.432194840162992477e-02
6.513736397027969360e-02
3.097063861787319183e-02
1.056315284222364426e-02
1.063306070864200592e-02
1.057331077754497528e-02
1.279253233224153519e-02
1.391859259456396103e-02
1.545619126409292221e-02
1.673526875674724579e-02
6.630124896764755249e-02
3.167781978845596313e-02
8.846353739500045776e-03
8.163471706211566925e-03
8.643677458167076111e-03
1.041508279740810394e-02
1.175611093640327454e-02
1.283294055610895157e-02
1.418940909206867218e-02
6.532625854015350342e-02
3.176765888929367065e-02
1.123384386301040649e-02
1.135274022817611694e-02
1.185973547399044037e-02
1.404703315347433090e-02
1.575562730431556702e-02
1.637591421604156494e-02
1.738829910755157471e-02
6.532144546508789062e-02
3.097937628626823425e-02
9.017654694616794586e-03
8.245586417615413666e-03
8.521396666765213013e-03
1.036014594137668610e-02
1.162997912615537643e-02
1.272640470415353775e-02
1.401625387370586395e-02
6.426379084587097168e-02
3.057619184255599976e-02
1.080665551126003265e-02
1.071895286440849304e-02
1.094687636941671371e-02
1.302495505660772324e-02
1.438428834080696106e-02
1.545267831534147263e-02
1.655323430895805359e-02
6.550867855548858643e-02
3.106266260147094727e-02
8.292123675346374512e-03
7.327644154429435730e-03
7.712273858487606049e-03
9.609666652977466583e-03
1.080509182065725327e-02
1.230582594871520996e-02
1.353931985795497894e-02
6.414776295423507690e-02
3.011489659547805786e-02
9.648642502725124359e-03
9.474460035562515259e-03
9.439160116016864777e-03
1.166206877678632736e-02
1.274166349321603775e-02
1.432400010526180267e-02
1.542867440730333328e-02
6.383124738931655884e-02
2.890511043369770050e-02
7.802691310644149780e-03
7.130403537303209305e-03
7.464373018592596054e-03
9.528445079922676086e-03
1.068878453224897385e-02
1.240346953272819519e-02
1.359010953456163406e-02
6.423078477382659912e-02
3.086082823574542999e-02
9.188357740640640259e-03
8.847176097333431244e-03
8.844218216836452484e-03
1.115174684673547745e-02
1.232421677559614182e-02
1.404582802206277847e-02
1.514861453324556351e-02
6.386686861515045166e-02
2.894636802375316620e-02
7.939406670629978180e-03
7.185695692896842957e-03
7.509748917073011398e-03
9.688475169241428375e-03
1.086932606995105743e-02
1.270934846252202988e-02
1.388686709105968475e-02
6.377578526735305786e-02
2.960056811571121216e-02
8.235500194132328033e-03
7.886615581810474396e-03
8.102154359221458435e-03
1.051397249102592468e-02
1.169959455728530884e-02
1.358128525316715240e-02
1.474112272262573242e-02
6.267897784709930420e-02
2.789372578263282776e-02
7.619532756507396698e-03
6.781479809433221817e-03
7.113683968782424927e-03
9.370004758238792419e-03
1.061495300382375717e-02
1.251156348735094070e-02
1.374997850507497787e-02
6.247472018003463745e-02
2.838367782533168793e-02
8.077110163867473602e-03
7.793913595378398895e-03
8.098881691694259644e-03
1.059925369918346405e-02
1.191878691315650940e-02
1.374443061649799347e-02
1.494271028786897659e-02
6.178557127714157104e-02
2.741142176091670990e-02
7.427783217281103134e-03
6.634663790464401245e-03
6.978309713304042816e-03
9.247094392776489258e-03
1.048712059855461121e-02
1.235495880246162415e-02
1.359299384057521820e-02
6.175393238663673401e-02
2.808376401662826538e-02
8.118661120533943176e-03
7.806365843862295151e-03
8.055047132074832916e-03
1.047988515347242355e-02
1.177109777927398682e-02
1.353667490184307098e-02
1.470416132360696793e-02
6.122115999460220337e-02
2.717331051826477051e-02
7.341313641518354416e-03
6.496072746813297272e-03
6.772903259843587875e-03
9.040414355695247650e-03
1.027240697294473648e-02
1.211395487189292908e-02
1.340407971292734146e-02
6.123354658484458923e-02
2.795652113854885101e-02
8.047549054026603699e-03
7.579003926366567612e-03
7.758403662592172623e-03
1.018864382058382034e-02
1.146410778164863586e-02
1.334798336029052734e-02
1.447120402008295059e-02
6.150827556848526001e-02
2.764848060905933380e-02
7.478296291083097458e-03
6.551283411681652069e-03
6.754812784492969513e-03
9.001151658594608307e-03
1.022533886134624481e-02
1.211584638804197311e-02
1.337686274200677872e-02
6.103911623358726501e-02
2.745926566421985626e-02
7.525544147938489914e-03
6.978435907512903214e-03
7.209703326225280762e-03
9.684085845947265625e-03
1.098093949258327484e-02
1.293164212256669998e-02
1.408028416335582733e-02
6.101971492171287537e-02
2.705006301403045654e-02
7.375618908554315567e-03
6.537434644997119904e-03
6.718594115227460861e-03
9.022436104714870453e-03
1.023289188742637634e-02
1.221237797290086746e-02
1.345907803624868393e-02
6.118672341108322144e-02
2.803651057183742523e-02
7.900185883045196533e-03
7.139568217098712921e-03
7.168170996010303497e-03
9.526348672807216644e-03
1.072721648961305618e-02
1.265404187142848969e-02
1.378362998366355896e-02
6.070846691727638245e-02
2.669262699782848358e-02
7.171373348683118820e-03
6.263609509915113449e-03
6.557807791978120804e-03
9.011987596750259399e-03
1.041710376739501953e-02
1.253747288137674332e-02
1.376624684780836105e-02
6.143834441900253296e-02
2.781116403639316559e-02
7.445866707712411880e-03
6.607322022318840027e-03
6.685349624603986740e-03
9.024065919220447540e-03
1.023872289806604385e-02
1.226201467216014862e-02
1.348001044243574142e-02
6.027919799089431763e-02
2.638876996934413910e-02
7.187655195593833923e-03
6.288425065577030182e-03
6.489396560937166214e-03
8.924299851059913635e-03
1.031485013663768768e-02
1.237185392528772354e-02
1.359340175986289978e-02
6.026035174727439880e-02
2.629407867789268494e-02
6.954088341444730759e-03
6.096633151173591614e-03
6.313132587820291519e-03
8.721581660211086273e-03
1.002954225987195969e-02
1.209157612174749374e-02
1.330145355314016342e-02
5.998140200972557068e-02
2.646322548389434814e-02
7.447124924510717392e-03
6.456187460571527481e-03
6.570320576429367065e-03
8.938302285969257355e-03
1.019582804292440414e-02
1.222298853099346161e-02
1.338366977870464325e-02
5.973178893327713013e-02
2.593063376843929291e-02
6.961987353861331940e-03
6.029439624398946762e-03
6.138263270258903503e-03
8.485321886837482452e-03
9.766035713255405426e-03
1.181233953684568405e-02
1.308170706033706665e-02
5.983216315507888794e-02
2.670476585626602173e-02
7.531594019383192062e-03
6.452371831983327866e-03
6.450992077589035034e-03
8.820682764053344727e-03
1.007450837641954422e-02
1.215022150427103043e-02
1.334296539425849915e-02
6.004934012889862061e-02
2.647434547543525696e-02
7.113896310329437256e-03
5.944720469415187836e-03
5.983195733278989792e-03
8.294760249555110931e-03
9.583853185176849365e-03
1.168390922248363495e-02
1.299013383686542511e-02
5.985597893595695496e-02
2.670314908027648926e-02
7.341607473790645599e-03
6.290768738836050034e-03
6.321771070361137390e-03
8.725162595510482788e-03
1.007045619189739227e-02
1.215528137981891632e-02
1.333896536380052567e-02
6.012290343642234802e-02
2.644373476505279541e-02
7.192202843725681305e-03
5.850879009813070297e-03
5.838047713041305542e-03
8.201328106224536896e-03
9.535592049360275269e-03
1.169099006801843643e-02
1.300156209617853165e-02
5.958779528737068176e-02
2.599895559251308441e-02
6.969389971345663071e-03
5.936699919402599335e-03
6.034522783011198044e-03
8.477310650050640106e-03
9.850655682384967804e-03
1.203907746821641922e-02
1.323605142533779144e-02
5.996972322463989258e-02
2.618850208818912506e-02
7.430876605212688446e-03
6.430954672396183014e-03
6.522248964756727219e-03
8.541353978216648102e-03
9.610931389033794403e-03
1.174987480044364929e-02
1.303487364202737808e-02
5.943104997277259827e-02
2.577898465096950531e-02
6.907021161168813705e-03
5.853077862411737442e-03
5.923842545598745346e-03
8.342309854924678802e-03
9.680802933871746063e-03
1.186821796000003815e-02
1.306551601737737656e-02
5.962003022432327271e-02
2.591256983578205109e-02
7.311429362744092941e-03
6.073873490095138550e-03
6.240876391530036926e-03
8.470218628644943237e-03
9.576174430549144745e-03
1.168177649378776550e-02
1.295713242143392563e-02
5.931724235415458679e-02
2.562376670539379120e-02
7.081571500748395920e-03
6.077089812606573105e-03
6.108279339969158173e-03
8.326427079737186432e-03
9.492902085185050964e-03
1.165099442005157471e-02
1.291598472744226456e-02
5.966150388121604919e-02
2.599397115409374237e-02
7.531725335866212845e-03
6.485178135335445404e-03
5.996506195515394211e-03
8.100689388811588287e-03
9.322443976998329163e-03
1.149413455277681351e-02
1.287031359970569611e-02
5.940947309136390686e-02
2.592658810317516327e-02
7.104574237018823624e-03
6.206491496413946152e-03
6.079372018575668335e-03
8.151084184646606445e-03
9.395323693752288818e-03
1.161457598209381104e-02
1.291164662688970566e-02
5.974478274583816528e-02
2.632356062531471252e-02
8.172507397830486298e-03
6.554363761097192764e-03
5.743527319282293320e-03
7.907872088253498077e-03
9.197956882417201996e-03
1.139206811785697937e-02
1.278674136847257614e-02
5.920387431979179382e-02
2.520196884870529175e-02
6.920958869159221649e-03
6.068571470677852631e-03
5.652821622788906097e-03
7.876702584326267242e-03
9.363884106278419495e-03
1.169972494244575500e-02
1.305922772735357285e-02
5.991264432668685913e-02
2.592798322439193726e-02
7.586027029901742935e-03
5.597385112196207047e-03
5.315780173987150192e-03
7.623808458447456360e-03
9.025622159242630005e-03
1.130238920450210571e-02
1.274165045469999313e-02
5.913487076759338379e-02
2.499499171972274780e-02
7.023980841040611267e-03
6.150846369564533234e-03
5.180815234780311584e-03
7.791489362716674805e-03
9.263761341571807861e-03
1.159898191690444946e-02
1.285550463944673538e-02
5.948813632130622864e-02
2.550641261041164398e-02
7.121038623154163361e-03
5.503132008016109467e-03
5.825516767799854279e-03
8.164623752236366272e-03
9.267237037420272827e-03
1.157654076814651489e-02
1.296374481171369553e-02
5.938270688056945801e-02
2.561818435788154602e-02
7.495582103729248047e-03
6.101378239691257477e-03
5.489580798894166946e-03
7.799979299306869507e-03
9.203799068927764893e-03
1.153987087309360504e-02
1.285319030284881592e-02
5.985736846923828125e-02
2.574290148913860321e-02
7.407458499073982239e-03
5.950278602540493011e-03
5.555421113967895508e-03
7.781750522553920746e-03
9.172357618808746338e-03
1.153081655502319336e-02
1.328661106526851654e-02
5.964382737874984741e-02
2.472205087542533875e-02
6.851480808109045029e-03
5.366763100028038025e-03
5.231602117419242859e-03
7.521239574998617172e-03
8.981876075267791748e-03
1.143601071089506149e-02
1.335996109992265701e-02
5.905602872371673584e-02
2.509241364896297455e-02
7.343393750488758087e-03
5.479657556861639023e-03
5.250927060842514038e-03
7.631087675690650940e-03
9.153979830443859100e-03
1.156968250870704651e-02
1.312598586082458496e-02
5.922123789787292480e-02
2.489172481000423431e-02
7.603255566209554672e-03
5.846895277500152588e-03
5.141668021678924561e-03
7.368106860667467117e-03
8.812498301267623901e-03
1.114574261009693146e-02
1.271182671189308167e-02
5.905549600720405579e-02
2.536228299140930176e-02
7.506030146032571793e-03
5.631863139569759369e-03
5.269732791930437088e-03
7.659862749278545380e-03
9.251205250620841980e-03
1.160372514277696609e-02
1.267616543918848038e-02
5.912622064352035522e-02
2.488189749419689178e-02
6.498702801764011383e-03
5.640725605189800262e-03
5.039511248469352722e-03
7.333377376198768616e-03
8.940181694924831390e-03
1.142427697777748108e-02
1.309180725365877151e-02
6.013903021812438965e-02
2.543335035443305969e-02
6.969007663428783417e-03
5.291857756674289703e-03
5.135440733283758163e-03
7.498201914131641388e-03
9.130577556788921356e-03
1.196064241230487823e-02
1.345850992947816849e-02
5.810411274433135986e-02
2.405193448066711426e-02
6.767573766410350800e-03
4.966461565345525742e-03
4.936954006552696228e-03
7.369815837591886520e-03
8.960707113146781921e-03
1.142852380871772766e-02
1.291437353938817978e-02
5.872435122728347778e-02
2.454427070915699005e-02
7.172313984483480453e-03
4.840377718210220337e-03
4.631025716662406921e-03
6.971333175897598267e-03
8.574086241424083710e-03
1.090937852859497070e-02
1.247051078826189041e-02
5.812988802790641785e-02
2.385075017809867859e-02
6.406776141375303268e-03
4.738913383334875107e-03
4.795981105417013168e-03
7.267861161381006241e-03
8.864005096256732941e-03
1.137518323957920074e-02
1.293711457401514053e-02
5.882123112678527832e-02
2.469571493566036224e-02
7.432393729686737061e-03
5.005723331123590469e-03
4.741027019917964935e-03
7.055772934108972549e-03
8.572616614401340485e-03
1.099655684083700180e-02
1.264005713164806366e-02
5.803877115249633789e-02
2.374059706926345825e-02
6.524858996272087097e-03
4.592102952301502228e-03
4.497485235333442688e-03
6.989840418100357056e-03
8.599038235843181610e-03
1.107748225331306458e-02
1.242264918982982635e-02
5.832473188638687134e-02
2.415799722075462341e-02
6.765607278794050217e-03
4.609941504895687103e-03
4.507723264396190643e-03
6.976398639380931854e-03
8.546734228730201721e-03
1.104743592441082001e-02
1.276230253279209137e-02
5.841270461678504944e-02
2.415601909160614014e-02
7.162394002079963684e-03
4.836748819798231125e-03
4.479015711694955826e-03
6.825909484177827835e-03
8.401387371122837067e-03
1.088129449635744095e-02
1.247812900692224503e-02
5.842481553554534912e-02
2.380349114537239075e-02
6.372276227921247482e-03
5.416493862867355347e-03
5.283980630338191986e-03
6.752024870365858078e-03
8.475865237414836884e-03
1.097202021628618240e-02
1.256255432963371277e-02
5.825298652052879333e-02
2.374575659632682800e-02
6.615384016185998917e-03
5.455965176224708557e-03
4.161675926297903061e-03
7.326249964535236359e-03
8.716995827853679657e-03
1.114441175013780594e-02
1.274686027318239212e-02
5.872473120689392090e-02
2.463600225746631622e-02
7.350373081862926483e-03
5.540634505450725555e-03
4.398731980472803116e-03
6.547183264046907425e-03
8.080035448074340820e-03
1.059699710458517075e-02
1.238511130213737488e-02
5.769729614257812500e-02
2.286947518587112427e-02
6.340253166854381561e-03
4.572729114443063736e-03
4.452470224350690842e-03
6.957875564694404602e-03
8.721891790628433228e-03
1.160334050655364990e-02
1.320108585059642792e-02
5.874984338879585266e-02
2.408491075038909912e-02
7.309976033866405487e-03
5.230984650552272797e-03
4.571381490677595139e-03
6.860424298793077469e-03
8.499762974679470062e-03
1.093520037829875946e-02
1.241674739867448807e-02
5.744534358382225037e-02
2.270752005279064178e-02
5.969547666609287262e-03
4.169238731265068054e-03
4.139225464314222336e-03
6.697394885122776031e-03
8.455032482743263245e-03
1.105983089655637741e-02
1.263820752501487732e-02
5.883612111210823059e-02
2.423494309186935425e-02
7.521261461079120636e-03
5.366268102079629898e-03
4.511560313403606415e-03
6.844255607575178146e-03
8.552112616598606110e-03
1.110264472663402557e-02
1.248447969555854797e-02
5.800611153244972229e-02
2.305553853511810303e-02
6.111954804509878159e-03
4.029338248074054718e-03
4.111229907721281052e-03
6.660450249910354614e-03
8.422792889177799225e-03
1.107416208833456039e-02
1.267451886087656021e-02
5.827792361378669739e-02
2.344131283462047577e-02
7.265327963978052139e-03
4.441407043486833572e-03
4.286464769393205643e-03
6.544269155710935593e-03
8.189746178686618805e-03
1.068390812724828720e-02
1.241857279092073441e-02
5.743801221251487732e-02
2.371212095022201538e-02
7.326743565499782562e-03
5.163570865988731384e-03
4.302966408431529999e-03
6.658549420535564423e-03
8.316505700349807739e-03
1.078653987497091293e-02
1.230378728359937668e-02
5.728341639041900635e-02
2.299444749951362610e-02
7.204736582934856415e-03
5.386635661125183105e-03
4.115848802030086517e-03
6.453009322285652161e-03
8.281000889837741852e-03
1.093699969351291656e-02
1.250140741467475891e-02
5.829052627086639404e-02
2.395116351544857025e-02
7.287479937076568604e-03
5.120428744703531265e-03
4.969317466020584106e-03
6.979350931942462921e-03
8.310778066515922546e-03
1.082768198102712631e-02
1.264585647732019424e-02
5.744052678346633911e-02
2.322989888489246368e-02
6.551768630743026733e-03
4.333110526204109192e-03
4.084327258169651031e-03
6.395241711288690567e-03
8.065429516136646271e-03
1.045295409858226776e-02
1.221000589430332184e-02
5.786400660872459412e-02
2.348602376878261566e-02
7.374814711511135101e-03
4.902564920485019684e-03
4.252620041370391846e-03
6.567548029124736786e-03
8.243695832788944244e-03
1.061254180967807770e-02
1.232156995683908463e-02
5.789178609848022461e-02
2.309769392013549805e-02
6.929043680429458618e-03
4.586761817336082458e-03
4.110221285372972488e-03
6.505236960947513580e-03
8.155903778970241547e-03
1.049869507551193237e-02
1.230367552489042282e-02
5.809810012578964233e-02
2.334299124777317047e-02
7.058637216687202454e-03
4.024142399430274963e-03
3.846081905066967010e-03
6.322384811937808990e-03
8.257898502051830292e-03
1.074756029993295670e-02
1.246720273047685623e-02
5.833097919821739197e-02
2.327307127416133881e-02
6.944307591766119003e-03
4.310758784413337708e-03
3.989031072705984116e-03
6.411053240299224854e-03
8.245747536420822144e-03
1.069022528827190399e-02
1.227564830332994461e-02
5.785194784402847290e-02
2.266770787537097931e-02
6.465687882155179977e-03
5.026888102293014526e-03
4.669448826462030411e-03
7.172184996306896210e-03
8.929371833801269531e-03
1.139966584742069244e-02
1.297980360686779022e-02
5.796778947114944458e-02
2.297801151871681213e-02
6.967206485569477081e-03
4.518526140600442886e-03
3.961417358368635178e-03
6.346241571009159088e-03
8.077851496636867523e-03
1.057394687086343765e-02
1.232087891548871994e-02
5.796393379569053650e-02
2.341966703534126282e-02
7.179892621934413910e-03
4.818627610802650452e-03
4.483696073293685913e-03
6.815664470195770264e-03
8.422508835792541504e-03
1.059847231954336166e-02
1.231706049293279648e-02
5.808237567543983459e-02
2.347074449062347412e-02
7.145958952605724335e-03
3.940660972148180008e-03
3.861581208184361458e-03
6.253217346966266632e-03
8.022679947316646576e-03
1.035329978913068771e-02
1.232875138521194458e-02
5.828532576560974121e-02
2.308112010359764099e-02
7.078241556882858276e-03
4.452113527804613113e-03
4.115841817110776901e-03
6.538221146911382675e-03
8.218441158533096313e-03
1.073335390537977219e-02
1.246570982038974762e-02
5.903159454464912415e-02
2.322397753596305847e-02
7.013273425400257111e-03
3.909077029675245285e-03
3.663910087198019028e-03
5.891702137887477875e-03
7.716935593634843826e-03
1.050951890647411346e-02
1.230939105153083801e-02
5.941705033183097839e-02
2.305536344647407532e-02
7.062206976115703583e-03
4.228140693157911301e-03
4.064950160682201385e-03
6.468294188380241394e-03
8.151656948029994965e-03
1.061079557985067368e-02
1.239555981010198593e-02
5.895227938890457153e-02
2.298747748136520386e-02
7.066546473652124405e-03
3.718772670254111290e-03
3.486148314550518990e-03
5.861349869519472122e-03
7.773374207317829132e-03
1.040251180529594421e-02
1.225876808166503906e-02
5.897571891546249390e-02
2.261652238667011261e-02
6.971020717173814774e-03
4.352055490016937256e-03
4.329767078161239624e-03
6.813213694840669632e-03
8.555869571864604950e-03
1.107779797166585922e-02
1.223222725093364716e-02
5.923944711685180664e-02
2.290659211575984955e-02
6.741499528288841248e-03
3.428883152082562447e-03
3.615177003666758537e-03
6.059993524104356766e-03
7.930574007332324982e-03
1.043773535639047623e-02
1.233123522251844406e-02
5.863882973790168762e-02
2.320264838635921478e-02
7.328128907829523087e-03
4.648415371775627136e-03
4.157374147325754166e-03
6.649184506386518478e-03
8.413816802203655243e-03
1.100363582372665405e-02
1.269582472741603851e-02
5.736978352069854736e-02
2.247917279601097107e-02
6.944809108972549438e-03
3.909332677721977234e-03
3.700126428157091141e-03
5.936869420111179352e-03
7.645720150321722031e-03
1.019378472119569778e-02
1.200974173843860626e-02
5.885455384850502014e-02
2.348829805850982666e-02
7.411750964820384979e-03
4.404020030051469803e-03
4.274786915630102158e-03
6.924437358975410461e-03
8.260428905487060547e-03
1.057124044746160507e-02
1.246899925172328949e-02
5.800716206431388855e-02
2.286282368004322052e-02
7.089916151016950607e-03
4.459165968000888824e-03
3.928409889340400696e-03
6.243690382689237595e-03
7.963792420923709869e-03
1.040758471935987473e-02
1.233481150120496750e-02
5.855137109756469727e-02
2.262109704315662384e-02
7.073095533996820450e-03
4.301161970943212509e-03
3.883426310494542122e-03
6.208072416484355927e-03
7.905779406428337097e-03
1.047336030751466751e-02
1.224349625408649445e-02
5.873578414320945740e-02
2.304157800972461700e-02
7.096740417182445526e-03
4.202571231871843338e-03
4.014673642814159393e-03
6.472279317677021027e-03
8.232885040342807770e-03
1.036569103598594666e-02
1.203125435858964920e-02
5.834743380546569824e-02
2.265183441340923309e-02
7.228120695799589157e-03
3.967700991779565811e-03
3.679785411804914474e-03
5.889173131436109543e-03
7.799993734806776047e-03
1.070449501276016235e-02
1.258932892233133316e-02
5.928592011332511902e-02
2.289488166570663452e-02
7.077246904373168945e-03
3.617343958467245102e-03
3.256551921367645264e-03
5.552957300096750259e-03
7.564001716673374176e-03
1.034356746822595596e-02
1.230265479534864426e-02
5.901783332228660583e-02
2.241969108581542969e-02
7.055621594190597534e-03
4.608153365552425385e-03
3.702654270455241203e-03
6.128706969320774078e-03
7.992549799382686615e-03
1.078716851770877838e-02
1.258752122521400452e-02
5.894196778535842896e-02
2.252899855375289917e-02
6.913617718964815140e-03
4.026616923511028290e-03
3.684495808556675911e-03
5.995123647153377533e-03
7.414449937641620636e-03
1.000068616122007370e-02
1.214012596756219864e-02
5.846078321337699890e-02
2.235790714621543884e-02
7.163301110267639160e-03
4.249039571732282639e-03
4.025433212518692017e-03
6.457626819610595703e-03
7.953063584864139557e-03
1.079138088971376419e-02
1.269286125898361206e-02
5.890472605824470520e-02
2.299508638679981232e-02
6.993073038756847382e-03
3.257463220506906509e-03
3.225014777854084969e-03
5.507972091436386108e-03
7.367582526057958603e-03
1.015667896717786789e-02
1.216984167695045471e-02
5.898902565240859985e-02
2.233853191137313843e-02
7.128927856683731079e-03
4.430237226188182831e-03
3.782371757552027702e-03
6.146659143269062042e-03
7.930415682494640350e-03
1.059885323047637939e-02
1.247638463973999023e-02
5.878845974802970886e-02
2.245745062828063965e-02
7.079048082232475281e-03
4.103777464479207993e-03
3.529634792357683182e-03
5.973639432340860367e-03
7.684490177780389786e-03
1.029876340180635452e-02
1.246704719960689545e-02
5.902098491787910461e-02
2.258488722145557404e-02
7.001601159572601318e-03
4.405389074236154556e-03
3.691137302666902542e-03
6.062768865376710892e-03
7.855808362364768982e-03
1.044855080544948578e-02
1.234449539333581924e-02
5.865897983312606812e-02
2.244269475340843201e-02
6.904132664203643799e-03
4.264289513230323792e-03
3.545471467077732086e-03
5.850761663168668747e-03
7.632050197571516037e-03
1.028511207550764084e-02
1.211834792047739029e-02
5.897798016667366028e-02
2.195753157138824463e-02
6.915142294019460678e-03
3.385584335774183273e-03
3.193030832335352898e-03
5.686920601874589920e-03
7.706163451075553894e-03
1.038295589387416840e-02
1.220719981938600540e-02
5.891382694244384766e-02
2.297944948077201843e-02
7.429016754031181335e-03
4.738031886518001556e-03
3.484559012576937675e-03
5.918513517826795578e-03
7.884793914854526520e-03
1.061785593628883362e-02
1.259763725101947784e-02
5.867170169949531555e-02
2.185296826064586639e-02
6.839810870587825775e-03
4.205815028399229050e-03
3.324072342365980148e-03
5.457703955471515656e-03
7.343560457229614258e-03
9.753708727657794952e-03
1.195632107555866241e-02
5.804225429892539978e-02
2.255538105964660645e-02
7.349782623350620270e-03
4.741458222270011902e-03
3.818312659859657288e-03
6.120917387306690216e-03
7.888991385698318481e-03
1.063504163175821304e-02
1.258667372167110443e-02
5.780959129333496094e-02
2.219536341726779938e-02
7.023022044450044632e-03
4.245169460773468018e-03
3.493091091513633728e-03
5.736976396292448044e-03
7.519691716879606247e-03
1.041088812053203583e-02
1.245877239853143692e-02
5.857690423727035522e-02
2.268281951546669006e-02
7.064501754939556122e-03
4.507408943027257919e-03
3.073418280109763145e-03
5.561837926506996155e-03
7.473935838788747787e-03
1.047477498650550842e-02
1.251390390098094940e-02
5.867141112685203552e-02
2.209897525608539581e-02
7.100139278918504715e-03
4.449987318366765976e-03
2.954427618533372879e-03
5.370104685425758362e-03
7.570291869342327118e-03
1.032041478902101517e-02
1.218247693032026291e-02
5.782299488782882690e-02
2.198820188641548157e-02
7.135985884815454483e-03
4.561160691082477570e-03
3.464327659457921982e-03
5.837103351950645447e-03
7.637771312147378922e-03
1.073259674012660980e-02
1.267599128186702728e-02
5.879457294940948486e-02
2.230724692344665527e-02
7.037446834146976471e-03
4.360989667475223541e-03
3.689551725983619690e-03
5.911402404308319092e-03
7.479176856577396393e-03
1.015021465718746185e-02
1.234566420316696167e-02
5.867143347859382629e-02
2.197820320725440979e-02
7.244236301630735397e-03
4.682585131376981735e-03
3.221309976652264595e-03
5.790507886558771133e-03
7.779624778777360916e-03
1.061611622571945190e-02
1.257750578224658966e-02
5.834866687655448914e-02
2.198277413845062256e-02
7.121419534087181091e-03
4.295438528060913086e-03
3.303716657683253288e-03
5.595821421593427658e-03
7.416172418743371964e-03
1.018963102251291275e-02
1.234815828502178192e-02
5.808595567941665649e-02
2.194615453481674194e-02
7.229994051158428192e-03
4.581356886774301529e-03
3.676383756101131439e-03
5.899487063288688660e-03
7.496452890336513519e-03
1.071546599268913269e-02
1.268175709992647171e-02
5.966346710920333862e-02
2.298680134117603302e-02
6.947853136807680130e-03
3.982046153396368027e-03
3.236994147300720215e-03
5.597523879259824753e-03
7.527314126491546631e-03
1.050286926329135895e-02
1.273814402520656586e-02
5.850994586944580078e-02
2.220190875232219696e-02
7.043328136205673218e-03
4.466848447918891907e-03
3.772984491661190987e-03
6.382968742400407791e-03
8.098253980278968811e-03
1.121495757251977921e-02
1.312321145087480545e-02
5.851223692297935486e-02
2.256188355386257172e-02
7.242982275784015656e-03
4.640715196728706360e-03
3.877002745866775513e-03
6.312376819550991058e-03
7.950876839458942413e-03
1.092350576072931290e-02
1.283606793731451035e-02
5.834707245230674744e-02
2.163334190845489502e-02
6.761434487998485565e-03
4.290493205189704895e-03
3.619411727413535118e-03
5.930284038186073303e-03
7.529811002314090729e-03
1.004076562821865082e-02
1.221734099090099335e-02
5.910809710621833801e-02
2.234194986522197723e-02
6.931280251592397690e-03
4.171456675976514816e-03
3.382154740393161774e-03
5.698363762348890305e-03
7.581815589219331741e-03
1.034299656748771667e-02
1.238261628895998001e-02
5.780411139130592346e-02
2.141459472477436066e-02
6.854881532490253448e-03
4.149405751377344131e-03
3.839138429611921310e-03
5.965700838714838028e-03
7.689269259572029114e-03
1.024691946804523468e-02
1.235729176551103592e-02
5.855402722954750061e-02
2.185160666704177856e-02
7.103575393557548523e-03
4.471226595342159271e-03
3.577607218176126480e-03
5.807326175272464752e-03
7.596219889819622040e-03
1.051071938127279282e-02
1.259036082774400711e-02
5.914165079593658447e-02
2.240103483200073242e-02
8.053666912019252777e-03
4.378892946988344193e-03
3.185980021953582764e-03
5.241833627223968506e-03
7.250788621604442596e-03
1.004859153181314468e-02
1.219695061445236206e-02
5.904994532465934753e-02
2.164720371365547180e-02
7.274576462805271149e-03
4.664448555558919907e-03
3.897206624969840050e-03
6.142090074717998505e-03
7.869211025536060333e-03
1.083421986550092697e-02
1.288612373173236847e-02
5.865812674164772034e-02
2.140824124217033386e-02
6.962165236473083496e-03
3.871653461828827858e-03
3.162441775202751160e-03
5.414692219346761703e-03
7.314589340239763260e-03
1.007645111531019211e-02
1.230892259627580643e-02
5.779115110635757446e-02
2.160210162401199341e-02
7.293870206922292709e-03
4.460828844457864761e-03
3.765318077057600021e-03
6.176089867949485779e-03
8.016378618776798248e-03
1.027671527117490768e-02
1.237112749367952347e-02
5.767835304141044617e-02
2.178635820746421814e-02
7.034974172711372375e-03
4.207273479551076889e-03
3.103195456787943840e-03
5.418463610112667084e-03
7.378325797617435455e-03
1.020264904946088791e-02
1.237584464251995087e-02
5.863462761044502258e-02
2.137303166091442108e-02
7.115635555237531662e-03
4.299904219806194305e-03
3.734546480700373650e-03
5.905073601752519608e-03
7.604527287185192108e-03
1.009511668235063553e-02
1.208638586103916168e-02
5.814993381500244141e-02
2.146021462976932526e-02
7.223180029541254044e-03
4.116816911846399307e-03
3.191899973899126053e-03
5.253470502793788910e-03
6.995227187871932983e-03
9.999211877584457397e-03
1.227848418056964874e-02
5.931692570447921753e-02
2.123524062335491180e-02
6.883702240884304047e-03
4.005562514066696167e-03
3.303449600934982300e-03
5.774853285402059555e-03
7.203352637588977814e-03
1.025439519435167313e-02
1.253973692655563354e-02
5.814377218484878540e-02
2.178830280900001526e-02
7.113141007721424103e-03
4.187085665762424469e-03
3.211728995665907860e-03
5.403854884207248688e-03
7.424151990562677383e-03
1.049471646547317505e-02
1.269111316651105881e-02
5.916021019220352173e-02
2.249068394303321838e-02
7.128961849957704544e-03
4.325299058109521866e-03
3.456415841355919838e-03
5.898681003600358963e-03
7.857028394937515259e-03
1.099285669624805450e-02
1.313872635364532471e-02
5.814399570226669312e-02
2.155554480850696564e-02
6.915813777595758438e-03
3.895767498761415482e-03
3.179015126079320908e-03
5.591009743511676788e-03
7.573014590889215469e-03
1.069374661892652512e-02
1.289105881005525589e-02
5.936966091394424438e-02
2.136292681097984314e-02
6.928034126758575439e-03
3.988224081695079803e-03
3.003612626343965530e-03
5.247548688203096390e-03
7.246150635182857513e-03
1.042231451719999313e-02
1.264602504670619965e-02
5.898245424032211304e-02
2.207157388329505920e-02
7.458615116775035858e-03
4.371664021164178848e-03
3.263803198933601379e-03
5.636477842926979065e-03
7.562771439552307129e-03
1.069123391062021255e-02
1.293584052473306656e-02
5.834585800766944885e-02
2.115706726908683777e-02
7.152165286242961884e-03
4.207307938486337662e-03
2.876832848414778709e-03
5.267098546028137207e-03
7.388971280306577682e-03
1.037068478763103485e-02
1.261449791491031647e-02
5.864099040627479553e-02
2.140477858483791351e-02
7.369297556579113007e-03
3.670277772471308708e-03
3.249084111303091049e-03
5.620618816465139389e-03
7.316146511584520340e-03
1.045558974146842957e-02
1.273225713521242142e-02
5.843281000852584839e-02
2.160451747477054596e-02
6.927526555955410004e-03
4.139301367104053497e-03
3.362172981724143028e-03
5.961672402918338776e-03
7.426694501191377640e-03
1.022833492606878281e-02
1.242286246269941330e-02
5.772125720977783203e-02
2.142759226262569427e-02
7.013358175754547119e-03
4.144558217376470566e-03
3.134855069220066071e-03
5.468694493174552917e-03
7.405951153486967087e-03
1.054487843066453934e-02
1.270729210227727890e-02
5.828263610601425171e-02
2.098049223423004150e-02
6.996291689574718475e-03
4.097561817616224289e-03
3.162542358040809631e-03
5.344537552446126938e-03
7.361409720033407211e-03
1.034245919436216354e-02
1.267342269420623779e-02
5.814017355442047119e-02
2.177632600069046021e-02
7.225005887448787689e-03
4.225015174597501755e-03
3.523859195411205292e-03
5.786435678601264954e-03
7.760323584079742432e-03
1.089894678443670273e-02
1.308007724583148956e-02
5.841274559497833252e-02
2.102179825305938721e-02
6.963454186916351318e-03
4.034804645925760269e-03
3.125299699604511261e-03
5.313219968229532242e-03
7.421103771775960922e-03
1.032441668212413788e-02
1.252517290413379669e-02
5.784741044044494629e-02
2.140724286437034607e-02
7.344818674027919769e-03
4.387396387755870819e-03
3.302330151200294495e-03
5.487484391778707504e-03
7.473640609532594681e-03
1.046995166689157486e-02
1.264994964003562927e-02
5.744367465376853943e-02
2.088244445621967316e-02
7.047299761325120926e-03
4.104342311620712280e-03
3.144761780276894569e-03
5.261099897325038910e-03
7.250681519508361816e-03
1.011049095541238785e-02
1.238612178713083267e-02
5.736305192112922668e-02
2.106158062815666199e-02
7.056387141346931458e-03
3.452210221439599991e-03
2.883079927414655685e-03
5.067778751254081726e-03
7.209314033389091492e-03
1.028999686241149902e-02
1.250631362199783325e-02
5.871676281094551086e-02
2.128852158784866333e-02
6.713644135743379593e-03
3.820471465587615967e-03
2.967556472867727280e-03
5.110713653266429901e-03
6.986964028328657150e-03
1.005910802632570267e-02
1.231987774372100830e-02
5.914727970957756042e-02
2.163164876401424408e-02
7.368368562310934067e-03
3.822456346824765205e-03
2.906809095293283463e-03
5.269995890557765961e-03
7.301697973161935806e-03
1.038013491779565811e-02
1.272010616958141327e-02
5.799439176917076111e-02
2.072313800454139709e-02
7.233906537294387817e-03
4.099144600331783295e-03
2.977723255753517151e-03
5.277190357446670532e-03
7.377082481980323792e-03
1.031642127782106400e-02
1.262243837118148804e-02
5.823490396142005920e-02
2.135845087468624115e-02
7.107388693839311600e-03
3.983364440500736237e-03
2.950432477518916130e-03
5.276155658066272736e-03
7.402163464576005936e-03
1.035530399531126022e-02
1.267777662724256516e-02
5.807097628712654114e-02
2.097607962787151337e-02
7.221313193440437317e-03
4.170662257820367813e-03
3.129604272544384003e-03
5.360321141779422760e-03
7.441207766532897949e-03
1.050470117479562759e-02
1.268478948622941971e-02
5.830559134483337402e-02
2.145906537771224976e-02
7.275713607668876648e-03
3.990931436419487000e-03
2.956670941784977913e-03
5.136006977409124374e-03
7.257761899381875992e-03
1.025702897459268570e-02
1.254453137516975403e-02
5.854645371437072754e-02
2.105208113789558411e-02
7.387801073491573334e-03
4.070864524692296982e-03
2.980131190270185471e-03
5.208056420087814331e-03
7.232968229800462723e-03
1.021383889019489288e-02
1.248836889863014221e-02
5.825033783912658691e-02
2.111460641026496887e-02
7.390898186713457108e-03
3.825932042673230171e-03
2.794900676235556602e-03
5.141292698681354523e-03
7.293551694601774216e-03
1.023655664175748825e-02
1.254998613148927689e-02
5.801274254918098450e-02
2.090930379927158356e-02
7.351329550147056580e-03
4.091691691428422928e-03
3.414769191294908524e-03
5.504678934812545776e-03
7.394731510430574417e-03
1.021638046950101852e-02
1.252431515604257584e-02
5.870811268687248230e-02
2.124512940645217896e-02
7.238567806780338287e-03
3.951683174818754196e-03
2.896707504987716675e-03
5.066996905952692032e-03
6.962700281292200089e-03
1.012464612722396851e-02
1.246184296905994415e-02
5.798779428005218506e-02
2.117438241839408875e-02
7.244430948048830032e-03
4.135538823902606964e-03
3.058962058275938034e-03
5.323540419340133667e-03
7.400951348245143890e-03
1.047914847731590271e-02
1.272583566606044769e-02
5.813957750797271729e-02
2.092678099870681763e-02
7.079699542373418808e-03
3.876447910442948341e-03
2.802985254675149918e-03
5.035880953073501587e-03
7.223384454846382141e-03
1.024138089269399643e-02
1.253534574061632156e-02
5.834885314106941223e-02
2.095802873373031616e-02
7.122890092432498932e-03
4.174436908215284348e-03
3.039871109649538994e-03
5.236777011305093765e-03
7.274630479514598846e-03
1.048424653708934784e-02
1.295674592256546021e-02
5.834615975618362427e-02
2.133327536284923553e-02
7.332849316298961639e-03
3.858146490529179573e-03
2.929172711446881294e-03
5.013516172766685486e-03
6.954978685826063156e-03
1.002324651926755905e-02
1.233973447233438492e-02
5.918686836957931519e-02
2.145123481750488281e-02
7.303060963749885559e-03
4.177100490778684616e-03
3.044464858248829842e-03
5.314835812896490097e-03
7.185198366641998291e-03
1.036946848034858704e-02
1.277304720133543015e-02
5.825826153159141541e-02
2.085749991238117218e-02
7.104791700839996338e-03
4.016950260847806931e-03
3.072907216846942902e-03
5.263491999357938766e-03
7.190141826868057251e-03
1.026748865842819214e-02
1.272502727806568146e-02
5.850655585527420044e-02
2.118235640227794647e-02
7.485520094633102417e-03
4.243902862071990967e-03
2.988714026287198067e-03
5.153384059667587280e-03
7.230795919895172119e-03
1.047826372087001801e-02
1.288481801748275757e-02
5.805857479572296143e-02
2.064199000597000122e-02
7.270936854183673859e-03
4.028723109513521194e-03
3.036580048501491547e-03
5.179365165531635284e-03
7.208442315459251404e-03
1.041725184768438339e-02
1.276949979364871979e-02
5.831674858927726746e-02
2.121374569833278656e-02
7.529186084866523743e-03
4.291747231036424637e-03
3.117977175861597061e-03
5.471523385494947433e-03
7.549433503299951553e-03
1.089853327721357346e-02
1.300950348377227783e-02
5.830631777644157410e-02
2.053317055106163025e-02
7.211093325167894363e-03
3.838354256004095078e-03
2.811708487570285797e-03
5.091200117021799088e-03
7.192306686192750931e-03
1.028409134596586227e-02
1.278907060623168945e-02
5.867759883403778076e-02
2.082101441919803619e-02
7.635121233761310577e-03
4.227718804031610489e-03
3.131012199446558952e-03
5.300499498844146729e-03
7.169309537857770920e-03
1.057800464332103729e-02
1.291929930448532104e-02
5.853454396128654480e-02
2.100548520684242249e-02
7.217820733785629272e-03
3.581338562071323395e-03
3.213064279407262802e-03
5.067470483481884003e-03
7.070066407322883606e-03
9.919825010001659393e-03
1.219567097723484039e-02
5.859949439764022827e-02
2.081523649394512177e-02
7.547749206423759460e-03
4.411339294165372849e-03
3.197396639734506607e-03
5.570487119257450104e-03
7.464686408638954163e-03
1.069015171378850937e-02
1.306972000747919083e-02
